0
99
186
43
6
2
66
66
55
46
17
31
71
75
79
82
50
71
21
58
79
72
55
91
64
70
41
83
74
51
69
14
132
92
91
4
36
117
105
29
49
41
68
127
61
64
84
57
141
106
160
115
167
156
49
149
92
124
18
6
134
88
99
85
73
56
55
197
54
106
85
58
95
57
88
55
93
118
69
90
107
66
27
55
1
94
112
64
54
65
30
64
86
48
29
91
107
82
60
64
44
61
51
93
75
20
6
121
97
83
104
159
75
47
114
51
104
89
11
99
27
73
13
10
31
40
121
1
3
27
3
78
40
1
0
2
38
82
3
0
42
51
53
40
1
136
105
103
18
24
51
55
104
162
20
33
3
34
33
50
13
71
125
106
107
119
114
57
10
54
3
5
18
61
141
43
61
55
25
26
109
111
60
71
49
44
58
63
54
41
49
32
94
23
111
1
13
58
63
64
86
39
8
26
48
118
33
31
28
44
24
29
28
52
0
59
39
10
37
43
36
38
57
61
11
98
2
80
26
36
94
29
112
133
46
64
24
23
72
86
87
110
78
138
1
115
153
45
75
0
5
112
93
62
26
94
47
76
63
134
53
39
50
3
49
137
111
108
2
62
23
15
25
59
11
34
3
23
51
24
9
1
0
22
26
47
55
33
14
80
78
38
61
26
16
0
23
68
10
4
55
51
21
48
71
7
64
24
56
1
38
34
46
1
38
11
2
52
30
39
3
34
16
7
44
24
3
7
33
14
5
1
4
50
23
20
20
61
25
57
22
37
69
1
24
40
8
8
26
55
31
14
39
12
12
17
14
19
22
17
23
0
9
24
21
4
20
4
26
5
56
10
3
26
19
42
38
55
27
6
62
3
16
40
29
3
40
23
30
23
32
31
65
6
11
9
14
25
4
19
32
19
43
10
44
2
25
8
21
13
13
15
23
57
12
10
49
5
0
41
3
5
26
18
14
9
2
9
9
4
2
5
3
39
6
7
0
4
0
2
1
17
9
16
12
17
3
2
26
7
1
21
20
8
2
7
5
6
6
3
0
3
4
9
0
5
14
2
4
6
1
0
