6242
3490
3268
4191
2110
4784
2342
4595
2312
1935
3686
3027
3998
3483
2371
7450
4587
2770
2230
3111
3239
3215
5950
3009
3115
2094
5016
6211
3528
2333
3107
3385
2177
3221
10734
2272
2694
4712
3524
2143
3490
2863
2964
3267
2362
4629
3360
3454
1537
5122
2864
1718
3968
1778
3632
3402
1456
4812
2118
2350
3643
2353
1709
1855
2312
5049
9577
1753
4977
3438
3219
2893
1587
1533
4537
5654
5147
2163
9541
2753
3690
2908
1983
3732
2040
1962
3598
3082
2582
1831
1565
7579
3730
7866
6063
4084
3720
4361
1490
5471
3830
2260
4822
2454
2043
2255
3270
4417
4063
1771
4308
3605
4524
4864
1744
1591
2332
1615
3178
2074
2435
2104
3697
1919
4266
3760
5836
2883
3024
2216
3383
2832
4002
3100
1791
2053
1926
4021
1540
1467
3651
3097
2732
1461
6218
2442
6267
3715
1506
2026
2018
3141
4823
4747
2933
3368
4735
10554
2427
4881
2598
1589
2962
4673
4640
1726
3744
2327
2005
2845
4121
4884
4481
3312
4588
2238
4891
2053
3981
5097
2188
3014
2181
1643
3468
3273
3866
1751
3646
3466
4354
6302
3803
6300
1622
3635
2110
2116
5027
2128
3119
5608
3245
3815
3669
12179
5507
3197
1643
2445
3078
1784
2525
5265
5738
1988
1655
1732
1943
2330
2515
1783
2225
4593
5100
3130
3558
2709
6362
4773
4645
4829
5123
2188
4101
2187
2212
5081
4796
3844
2552
3752
3607
5039
2212
5151
3109
4522
3338
1503
1701
2271
3073
2187
2163
1746
3723
3824
5090
4461
2199
2244
2875
3481
3473
4715
5051
1677
6012
2237
2207
3575
2063
3444
2114
3329
1924
2205
2983
4435
3340
6703
5227
3312
5272
2420
1878
1990
2358
1729
3001
1857
3353
4723
2961
3926
2338
2136
5090
2332
2115
6678
1575
2801
3711
1947
2278
2842
2057
4930
2132
1971
4673
2129
2434
2354
2101
4246
1786
2063
4773
1865
2503
3185
3432
1926
1954
2825
2248
7579
3073
5039
2694
2073
5064
3026
3439
4641
2237
4847
3758
4744
7442
1930
3027
1481
4788
3681
1875
4787
1643
3754
1863
2246
1628
2376
3273
4248
4479
2044
2080
4929
2239
3746
2365
3952
4318
3599
4845
4978
2754
1859
3876
3897
4831
2107
3256
2642
6089
1730
2260
1927
2274
3099
1857
2207
4242
3775
3021
3366
3410
2064
3257
2148
2067
4465
2347
1603
1907
2278
2222
3715
3772
1673
1627
1642
2671
1805
1943
3485
3195
4739
4618
1947
2904
1732
3460
3317
2152
5031
1937
5313
6404
3794
2332
3650
3214
5185
2479
1844
2390
2147
2213
3761
2306
6045
4496
3195
2779
2985
3209
1517
3762
2228
4048
3230
2522
3879
3498
1729
5016
3456
2240
5098
3548
6315
1922
6118
3171
1881
1911
4309
1955
3897
2007
2285
2610
3737
2807
3532
8743
7640
4700
2081
2668
3341
1523
2503
1850
1782
1747
2521
1889
2800
2305
1525
1612
4512
2001
5682
2534
3603
4704
3462
1482
2924
3498
2242
1474
4827
3136
2089
2248
3200
3912
1823
3031
2025
3410
6123
4083
6144
2635
6430
3480
2845
1958
1651
3237
2765
4648
2749
3798
4728
4587
1944
3802
3658
2697
5112
6211
2383
4002
4547
3971
5164
3438
3911
3003
1845
3258
6478
1999
3234
1638
3689
2393
4496
4519
2491
3614
4483
2313
3223
9213
1975
2660
3022
6276
2829
2115
2509
1934
2059
6673
3160
1651
1512
1832
3662
2258
2032
1566
3867
3048
3071
3152
4102
2961
3687
4486
1455
1567
4387
2240
5045
3405
3498
6233
1778
6579
1802
1756
3192
7648
2202
4880
3237
3515
3705
3553
3451
5611
2193
3494
1526
4696
3240
2439
6161
4726
4564
2386
1831
2564
5265
5318
5064
5827
4801
4546
2772
1941
2055
3549
2731
2684
7021
2125
3873
1915
3866
2828
3237
2075
3346
5067
1471
6470
1543
3890
4713
3707
1716
5943
3807
2324
1717
2214
3399
4169
3858
3006
2367
1660
5244
4809
4615
4261
15085
3091
3403
1654
4575
3521
3407
2660
2206
4757
1623
2258
3588
4188
2742
3899
7802
2195
3726
3504
3149
7539
2152
7884
2046
2378
4214
2235
1809
3402
1894
3461
4518
1886
1781
3762
3831
3186
2118
1594
4323
2987
3302
3721
3513
3083
3020
4109
2001
3929
1848
2791
1775
2791
2542
5487
1703
3791
3151
2222
3435
3807
4010
10010
4627
4606
2373
3214
1567
1870
1899
3072
3611
1808
3633
1574
1917
2035
7242
3387
2357
1635
6063
1868
6065
2869
5049
6952
2792
4987
2483
3438
2440
2425
1984
4261
3587
1815
6015
2782
3134
4466
3282
4893
2265
4740
3646
6072
4063
4070
3135
4722
1737
3464
3040
1480
1591
4218
1961
1815
4141
4791
6572
3819
5111
2368
1685
5013
3139
3613
3429
3250
3727
3250
2308
2054
3074
2352
3501
1731
1677
1638
3309
2305
1787
2238
3467
2250
4646
1445
3645
2083
4822
3308
4702
3452
1937
3459
3306
2673
5256
1596
2269
2916
4535
3790
1518
2141
4429
3897
5549
3090
3290
2471
1956
1906
1995
4668
1707
5001
4129
2867
5113
3218
3615
3169
6524
9596
1657
1720
6199
1860
2446
1803
3455
4169
2417
2403
3415
4555
4862
8189
4747
2016
4407
3441
3234
2211
1561
2821
1765
5086
3856
5198
2231
3235
6695
2428
3425
6473
3567
3366
2129
2076
3355
1786
1924
1823
2312
3766
4713
1482
7925
4949
2906
4999
3093
3274
3179
7548
7193
2613
4124
2334
4382
4856
2250
3983
1885
2306
2926
3451
4623
4532
2326
1881
1453
2170
2475
1490
3788
3264
2168
4355
2273
7957
6513
4475
2104
1483
4620
1974
2010
5110
1740
2860
4792
2970
2034
4667
1645
3043
5071
2317
5658
3381
1575
5172
3820
2174
6600
2433
3260
3237
6760
3173
3285
4550
3473
2461
2137
5127
1796
2022
3625
3355
1763
2951
1465
3392
5907
4779
1782
2471
3112
1765
3480
3209
5147
2844
2210
4068
6436
3359
3255
7768
4726
3395
5002
1598
3053
3280
1875
5850
6150
2029
2245
3744
4596
5058
1563
4733
3435
4595
3002
3018
1525
3003
4539
3636
3512
2114
2613
3820
2150
4913
5744
3024
2424
4856
1823
1544
3242
4196
2579
4076
1795
2869
2558
3738
1883
2322
3096
5114
1786
1998
2094
2225
2147
2674
3793
2250
3522
3137
3403
4562
1746
2828
3251
2120
1766
3535
3124
3565
1741
2561
5123
6457
2377
6639
3012
3491
2216
2526
2574
3495
2129
5031
3303
6991
2986
3685
1803
2366
6464
1838
2058
1669
2231
3145
3503
3809
1942
5207
6433
4571
3246
3544
4742
3927
3698
4783
1843
2725
2064
2223
1720
3158
2139
3443
3421
2672
4337
2661
5079
4398
2533
4749
5154
6625
2337
1606
5263
2081
2867
2104
1808
4885
3073
2677
7100
4545
4727
3628
2391
3272
4272
2442
2516
5936
2320
2233
2839
5030
5961
3502
4850
5601
6214
2246
6769
3585
3291
2070
4362
2256
3704
3908
3290
5081
4573
9879
5252
2302
2631
6251
3063
3729
5090
2834
3026
3358
2343
3110
5167
1784
11157
3067
2234
1627
2972
2564
3450
1777
1869
2148
4230
2001
2067
2196
2847
1792
3205
3446
3927
2123
2711
3446
2022
2732
5854
2945
3986
2038
2082
1745
1454
2182
3108
1583
3315
3696
1661
2146
1963
4813
3013
5538
2091
1687
4118
4683
1924
3651
2719
2988
3335
4660
11010
2479
4078
2154
3156
3957
1743
3781
5992
1839
2410
2201
3580
2767
2771
5959
5212
4677
1446
3008
9355
2947
2844
4513
1737
3144
1786
2055
9625
4395
4485
5893
6640
2092
3194
2507
2909
4367
1914
1654
3823
4699
3018
1588
5063
2370
1739
3201
2249
4605
2034
2376
6942
1783
4596
1949
3026
3204
5351
1983
2268
2947
4842
6136
3524
2881
3379
2271
2165
5259
4492
2268
2293
3547
2232
4609
1756
1719
6417
2741
3543
5984
3203
2944
5045
4904
2984
3162
3246
2384
2366
6381
1866
1703
1643
2785
1650
1764
1854
11139
3346
4898
3230
1803
2234
3321
3785
2938
4666
1474
2855
2053
3022
2748
2168
1807
4356
4480
2331
1761
3927
1848
6478
2919
3710
6818
2186
2157
2989
3152
2825
6528
6720
1809
6439
3556
2119
5082
3661
3235
2817
1538
2239
4631
3522
5919
3103
1571
2331
4849
3838
3340
1578
2191
4252
3695
2514
4948
3480
3738
4633
4840
5190
2349
3584
3075
4167
1960
2750
1812
2501
3508
4260
1521
2902
2834
3432
4596
1477
3540
4726
8175
2801
2463
2911
3733
2383
4085
3430
3361
3122
2856
6446
2206
3560
1710
1573
2060
3303
1672
6419
4811
2330
2455
1642
4663
1767
7777
2338
3342
1745
2140
3268
1531
1745
1929
5991
3214
2140
1804
3393
2196
3009
6172
7309
3457
3084
4781
11307
3067
1587
6305
3405
2190
4403
2144
4634
6419
4756
3506
3118
5128
4217
3354
4605
1893
4264
2172
2609
3299
1816
1856
2076
6882
3100
1509
3429
3818
3821
3489
4661
2062
2763
6573
2004
1713
2149
3347
1863
1529
2371
1736
2266
3798
4693
3379
3469
4491
6278
4583
1799
4330
3465
2349
3755
4759
1616
4699
2483
1918
1491
2129
4458
2124
2933
1929
2788
3030
1996
3410
3501
3877
1981
3844
3174
2933
6235
2695
3407
2158
1511
1844
3294
2850
3880
3282
1575
3484
2876
9044
1829
5064
2334
6571
2123
2015
5974
2088
1707
1811
3177
4971
4519
4919
1728
3343
3596
2141
1594
6033
3175
4353
2045
4921
3711
3079
3544
3727
3631
2943
5992
4655
1689
2216
1663
1861
3068
1769
2204
5187
4372
1551
7329
2309
4895
3627
2206
2040
1614
1537
4047
3301
5865
1811
4027
3270
2207
2373
1837
3104
5931
4398
1538
2956
1814
4896
2002
1809
3569
2891
2801
3349
3187
3101
2825
3615
3652
3722
1547
1657
1756
5105
3542
2317
3107
1774
1660
3257
3984
3762
4599
5086
4637
2811
4569
1933
1922
4724
4864
2565
3438
2188
2526
2219
3390
4738
3559
2212
5064
1680
3339
4155
4785
3825
3322
1692
3096
2394
9008
2152
5106
6200
2102
6296
2134
6301
3270
1887
1944
1531
4967
2786
1550
4664
3387
4861
1848
3090
8073
3646
2363
4781
2433
2832
3989
3576
2857
2258
6286
3207
3320
5002
5685
3095
3529
1959
2167
8776
2334
3254
3441
2940
4356
1721
3355
2480
8134
2197
4583
2251
2085
3287
2104
1682
2144
5071
6307
3297
2559
5532
2727
2025
3052
1822
2913
1569
5748
2052
4830
3116
2632
1964
3428
3075
4248
8448
4823
3568
1925
4778
6319
3724
4110
5192
2449
1496
2667
2582
2174
6276
1645
3339
1805
2150
4943
5113
4298
2233
2125
1858
2201
3092
1703
1861
2104
4516
8444
3328
3621
1805
1614
3534
1709
2056
2185
1475
1777
4611
4667
2084
1814
2106
5161
3489
2875
2148
2056
2334
5114
1933
3014
4300
2079
2188
3202
2383
4480
2114
1582
2893
1992
1496
5103
3420
2783
1862
3592
1713
2876
3731
1448
2293
2205
1690
2147
3627
3703
2287
2450
1903
2065
1691
3372
2911
1994
3315
6192
1911
3245
2864
2753
2070
3767
3262
3443
3059
1455
3774
2257
6435
1709
6046
3396
5130
4793
3336
4807
3741
2126
3910
2091
2205
6242
6334
2048
3241
3251
3399
2165
2553
1614
2065
3677
1635
7017
5044
4482
1883
3752
5668
1921
1758
2115
4706
4714
3063
5199
2876
1476
2884
2038
3372
1567
5727
2099
2198
2047
3476
7421
10491
1836
2765
3774
3189
4603
1918
3169
2123
3279
5677
1680
3492
3721
8115
3240
3428
2270
3721
1896
3412
1732
2317
4906
4324
5225
3975
1788
8853
1850
2051
6504
2920
4778
2084
2070
2928
3302
2045
2067
2307
1790
3419
1755
3504
4597
1909
1813
1784
6605
1890
3435
1933
1894
2456
4628
3437
4191
2150
1785
2281
2213
2203
2343
2395
1928
4649
3982
1565
4580
8009
3082
6133
7618
2331
1649
7081
4167
2975
6143
3754
5895
5196
3203
1815
4196
2106
3242
4627
6188
3968
3307
4018
4221
2522
3331
1916
4498
4607
6277
2093
3190
4179
2585
5369
2537
1666
3367
1963
2048
3398
5367
2465
2382
6228
3412
1646
1765
2586
2023
1868
2152
4635
11537
1811
4571
1461
1598
2151
1580
3844
3144
1493
4218
2373
2988
4700
2908
3421
1484
4471
1921
7432
3420
3619
2080
1907
4861
1873
3169
1993
10158
2356
3078
3588
4681
3395
2300
4484
2903
5149
4765
4738
3191
3384
3641
5670
3420
1690
3164
5208
3610
3715
2945
3247
1526
3792
4316
9451
3631
4963
4477
1490
3108
3896
1953
2858
2129
1957
2273
3474
1575
3374
6096
3310
1637
6381
7619
3253
2227
2916
6889
1657
1474
3566
2825
1889
1481
4018
2192
2339
4803
4919
1885
5099
6421
3406
3493
2807
4493
4552
3189
2628
4361
6533
2279
3004
9091
6188
2200
1808
2154
2716
2516
1457
4387
7619
3997
10750
5779
6388
7527
5315
1610
6763
4560
7511
2756
4343
1737
5881
3370
4275
3126
4776
4422
3088
2627
4465
2629
7941
3886
3242
3275
2519
2364
5369
2191
1735
2670
1924
4507
1556
1561
5103
2442
2115
1802
1613
1526
3945
2579
1608
2802
1797
2889
1873
1751
2054
3355
2120
5472
2489
2592
4881
6267
2572
6695
2311
6183
5302
1556
6618
2192
2254
5098
5229
4693
5221
4600
2301
2330
4864
5187
3810
3406
4837
2226
2064
5132
2081
3687
4986
2956
1894
2085
4506
4629
6548
9908
5123
6230
3591
2912
4678
3139
1837
1607
6022
1667
1753
3050
2480
6672
3592
3077
3854
1494
3641
4923
6673
4721
3573
4082
3161
6494
2447
2193
1751
3681
4899
2381
2481
2257
3742
6058
2255
2039
3203
3195
2204
2136
3323
2355
2914
4227
4849
3387
1797
1960
3518
2019
3417
2174
6313
1989
2114
1747
4173
2103
3077
1922
1723
3270
1938
1738
5863
3074
3149
4571
3315
4449
1782
2949
1527
3892
1573
6600
1626
2383
3940
2261
2111
3503
3834
3916
2236
3124
3680
2168
6064
2086
3067
1748
2120
4921
1723
2059
1989
2081
6067
2202
1990
3384
4877
3015
6157
2957
3189
3220
3429
10012
1529
1677
4044
1637
3291
6154
1855
2528
6001
8024
1443
4548
1492
2050
2431
2322
2055
1741
3290
3120
3008
5120
2227
2312
3379
4898
8063
2115
1668
4905
1929
1587
4587
2064
1614
4488
3197
6395
4531
4821
1488
1502
1483
4371
5235
2061
3749
3320
2137
10974
3600
3672
3744
3411
6624
6599
3353
4771
1861
3256
3483
5050
2040
4943
2759
2985
2193
4083
1473
2868
3041
2613
2839
3043
4631
3207
3963
4820
4335
2735
2595
2330
2541
2253
1809
2332
3299
1629
1568
6216
3279
4482
1752
6761
2302
3136
2314
5814
7355
8015
1888
2030
4879
2000
4397
3322
4384
4468
1785
1636
1884
4795
4635
2750
1646
1606
2731
4024
2924
4277
3770
5265
6090
6740
3551
3904
5256
3558
4635
5220
6586
1673
2419
5140
6134
6085
3431
2390
3483
5876
1842
2030
4946
1911
3610
4649
6363
5063
2099
3414
1874
1895
6497
5031
1706
2044
3350
6441
2766
3136
1762
1726
4920
3318
4870
4190
1625
2870
1929
1750
4559
3232
3000
4459
5990
2288
2751
3039
1681
3045
1462
3890
2076
2182
2632
4846
2243
3654
5092
2126
2158
3365
3436
2194
2277
3608
1990
3825
3766
5205
3709
2422
5186
3567
2139
3631
3459
3350
1676
4875
3669
1473
1940
1947
3478
2036
1898
1988
1761
3343
1596
1989
3486
1957
4184
1882
2885
1684
1443
4178
2562
2360
2293
3751
1894
3620
1794
2304
2061
2088
2246
2271
3398
2278
1619
3443
3074
1958
3049
1852
1714
2972
1978
1658
2870
1808
1831
1994
1888
2842
1797
1482
2998
2626
2063
2419
2082
2404
1928
2040
2111
1836
1953
1852
1446
4962
3913
2428
3901
7729
3902
5505
3878
2301
3260
3411
2444
3472
6649
4849
6913
2369
3213
3934
1795
2362
3929
2217
2145
2499
4135
4093
1962
2342
5308
5125
4802
6614
2114
1676
4825
5130
5198
1718
3683
5163
3603
5199
3714
2047
5040
5186
3069
5141
2219
5001
5083
2196
4957
4538
3689
3203
4542
3272
3784
4829
1678
2202
4943
2391
2191
3391
3686
2392
3570
3373
6326
3787
5185
5272
4560
6668
3676
3582
2422
2179
2375
6526
3298
5237
2164
3862
3223
2218
5928
2270
4348
2203
2268
3270
2229
4750
6569
6328
2254
2168
4991
3657
4779
3795
3575
2289
3378
4465
3727
4919
3515
5754
4888
3800
3675
4909
3276
2291
4894
3593
1990
2121
3418
2232
4506
6138
12029
3911
1994
4415
1915
5015
2100
5140
2073
5967
3547
2233
2152
2931
2233
3298
3437
3419
4722
3839
3802
3136
4831
3420
2180
3492
6097
1690
4356
2912
2793
4808
3321
4468
4552
3366
2014
4235
2173
3595
1768
3274
2067
1759
4837
3515
1576
5038
1930
5028
1916
4820
6152
3266
2021
2026
6038
3228
3225
2719
1854
2795
3518
1757
5028
3006
1796
3269
2081
1900
1701
2737
4049
3423
5702
3379
1808
1741
1483
3369
3222
1962
3113
4630
1618
4532
2875
3220
9863
2194
1802
1770
1545
1705
3147
4492
1731
1465
1456
1461
1532
2780
4206
5018
3731
3907
2424
3397
2245
4718
3477
5357
3883
3305
5211
2426
1566
3522
2397
3570
1558
3068
1695
1932
2351
3786
3191
3206
2288
4754
4531
6293
5830
4612
2397
3491
2348
2280
3609
2490
2056
1715
5056
2246
2217
1621
2260
3785
3573
6224
3720
3759
3125
2069
2060
2124
3667
3216
3516
2235
3702
2505
5070
2260
3078
3724
3572
3237
6047
12358
1844
2420
4579
5105
1907
3572
3605
2987
4878
3465
3152
2012
3519
2097
1814
1783
3610
3714
3606
1988
3466
3587
3478
3052
2158
4656
3607
2160
2955
2151
3649
1876
4635
3322
2866
2257
5970
1830
2041
3191
1767
3644
4914
2967
1917
1990
3841
4835
2909
3840
2143
2827
2225
1838
3411
3717
1988
3285
2054
4345
4961
3303
1959
3397
4228
1556
2918
1913
4429
2124
1817
4319
1835
3491
5931
3244
3192
1445
1771
1751
3415
3123
1812
4333
3142
3262
4269
2082
3084
3186
7506
2052
1707
3194
4456
1553
2033
4040
3094
4808
1770
1551
2585
1901
3334
3176
1875
1946
1953
1474
3159
4505
1909
3049
3285
1509
4342
3358
2654
2644
4719
3211
3097
4557
2784
1751
10496
2652
3298
1683
1613
3098
7143
3261
3190
2971
5983
1770
1582
1591
3090
2157
2181
2864
2843
5696
2516
3597
3284
3335
1720
3564
3275
6752
3531
3260
4660
1579
4749
1942
2330
1829
2385
3325
3725
1867
2263
3569
2375
2143
3337
3831
3419
3843
2356
3315
5945
2434
2195
1525
4888
1692
3676
3379
3220
3768
1833
3413
6144
6521
3646
1934
5956
5164
2320
8239
3154
3526
2198
3279
3616
6182
3220
1839
2016
2029
2113
2009
6275
3241
1977
2180
3482
1922
1974
1911
4340
1800
5112
3450
3555
6432
3311
4463
2890
3489
3508
2101
2282
4410
4324
1929
3171
1944
10304
6455
3020
4379
3451
3556
4253
1805
2934
3579
4274
2883
2002
1655
3398
1631
2166
8624
1968
2086
1687
5780
2838
4199
3122
1931
1519
2914
2190
3559
1896
5987
6088
3279
1835
1955
1889
1896
1724
3208
2990
1938
4278
1635
1927
10516
2945
4039
6187
2749
1607
1670
6075
3144
2569
1819
3191
2692
3041
2531
1747
1763
11152
4262
1736
1736
1644
1587
1750
1747
6613
2873
2895
4438
5138
1596
2682
2693
6205
5496
3489
4654
4941
1886
2211
5098
2344
2007
4775
9499
6145
2246
3522
2373
6224
1701
5164
2244
9520
2361
3191
2876
2331
6574
1754
2327
3372
6499
5226
6590
2195
3366
2413
2474
2097
1833
2204
5008
3182
1857
1866
2305
2300
8099
6622
5130
4829
4829
1441
3869
3081
4758
1928
3629
1893
5135
1523
1699
1978
2236
11851
3641
5965
1659
1779
2103
1946
1943
1952
2012
2932
5888
4288
3498
2031
3482
4664
6168
3366
4323
5175
4721
1565
5171
4845
2196
6451
1977
3261
1968
1500
1899
3404
4469
1927
1497
2964
3338
1450
4391
1952
4532
1596
4501
2989
4830
4027
1769
4670
1682
1702
3998
1493
4644
4397
4727
1778
4084
7378
4257
3884
4355
4471
3116
1614
4262
1481
2859
2664
7933
3589
3779
7664
5376
3278
3477
3191
4031
2227
3524
3860
3486
3455
3636
3901
3256
6323
3254
4766
3361
3747
9134
2391
3225
2178
3655
3611
4486
2892
3498
3317
3210
2276
9595
3258
3227
3410
2017
3454
4514
3019
3127
5070
4226
3193
3378
4871
1898
3476
5166
2179
3623
3307
1853
3329
1485
3220
3466
2987
3171
3375
3491
3671
3245
4445
3383
8989
1727
3130
3470
3199
3332
3138
8616
4166
3094
1899
1896
3192
2896
3975
3015
4532
3370
5633
3190
3200
3065
2941
3211
3696
3179
1463
3117
4077
3035
5160
3834
3823
3785
2786
3038
2095
9482
2375
2158
3794
6474
3730
2460
3731
2519
6648
5116
2319
4987
2144
8606
5052
3404
1570
3490
3344
1544
3434
5044
6371
3122
1804
2073
3393
3603
3428
1871
3482
1675
3065
1554
2639
5778
1955
7307
2997
3526
2681
2481
5282
5305
8249
4014
5270
3748
1809
6675
4896
1780
2344
7450
3293
2228
6757
7490
5235
7796
2127
5894
3759
4505
6184
1795
4937
6515
1924
4887
4513
1665
7439
1743
4859
2092
2050
5833
5225
5020
6282
3539
5997
3627
2244
3133
4896
3600
3373
4884
3268
2105
2028
3181
6089
1973
1863
7188
1990
4244
1716
1577
1924
3432
6222
1752
1833
4155
1661
1698
3116
3110
3087
3362
4579
2790
1994
7187
3208
1728
4090
6825
5346
1657
4291
2769
3153
2919
3083
4693
1484
1529
3054
6030
2320
4233
6645
4356
5402
6460
6305
3960
2073
6360
3731
3798
1694
2290
2249
5094
5498
2460
6351
3203
5232
5328
1853
5010
3771
2437
3275
3561
2550
5044
2544
2249
5231
2143
4751
2328
2147
3750
3964
3837
6211
6748
6326
2158
3535
2250
6709
6760
2165
3647
5053
6617
6344
3779
2322
3615
2330
4492
3206
2240
3171
3800
3624
2071
2304
2053
3555
6408
6533
5373
2084
3252
2129
3783
1958
4947
5920
5106
6656
4764
1682
3588
5221
2109
5051
3381
2058
3172
3041
6150
3012
3148
3346
2214
6269
4773
1733
6262
3055
4983
3399
3543
5037
4546
3532
5185
3035
6468
4690
5050
1815
2066
3578
2040
4768
1445
6083
1609
6383
4735
6463
3488
2746
5168
1733
1591
3011
5730
3692
5906
4987
3413
2894
4531
6267
4364
4887
2118
2224
6416
3381
4325
3504
1781
3462
1666
4996
4421
5683
2046
4825
2761
1758
1643
4800
2969
4350
4571
2901
4863
1878
1921
3324
2158
4768
3298
3311
1918
1603
1843
1926
1774
1762
3057
1472
5772
3146
1634
1613
1720
1782
3191
2479
1867
6146
3289
4830
1749
3276
5890
3196
4335
4156
4314
1934
2937
4376
4611
1710
3122
4543
3121
1682
1892
3289
1852
2864
1700
4446
4145
4457
1751
1442
4336
4319
1486
1465
4684
2689
5414
1643
1509
1507
2938
4123
2957
5506
2370
2766
4381
3346
2485
5400
4869
5148
2393
3664
3304
2232
2212
3642
2000
3764
5242
2572
2350
5009
2301
1789
3534
3523
3269
3368
3514
3352
1973
3565
2140
1721
1811
5253
3619
4767
5281
2297
2257
1991
5255
1714
4756
2386
2142
3333
3333
5095
4927
2186
2313
2335
3695
2305
4592
3248
2274
2181
3713
5213
5218
1976
2231
3347
5148
2006
3597
1999
1853
3743
3690
2072
3176
3131
2121
3740
2337
4986
3904
3149
1905
2266
2216
4930
2951
4822
3574
3741
5076
2180
3539
4326
3608
3493
3218
4453
2125
1974
3533
2147
3493
2034
4546
2080
3448
3334
3506
2994
3392
3148
4522
1839
3501
2950
2970
4438
1488
3010
2904
1861
3272
3550
3255
3402
1885
1586
2010
1915
4714
1787
1951
3509
3037
4341
1874
1779
3333
1692
3385
1725
2732
4451
1774
4730
3319
2278
3353
2771
3310
1624
1582
1583
1651
2970
1553
1858
1676
1508
2771
1526
2245
4351
4230
1445
3313
4017
3491
2620
2404
2633
2361
3616
2364
1985
2557
3431
2550
2636
2519
1848
2438
3083
2107
2240
3803
2216
2147
2472
3770
3944
3363
2078
3853
2464
3319
3827
2347
2271
2453
3609
3856
2020
3838
2169
2590
1985
2422
3776
3798
2392
1912
1991
1717
1782
3809
2213
3476
2055
2079
2029
2322
2079
3095
3626
3074
1906
3768
2016
2006
3137
2137
2153
1643
2924
2897
2980
3673
1769
2194
1723
2012
2111
3473
3415
3459
1982
2138
3639
2879
3217
3549
2156
2154
1976
3411
3484
2157
2932
3499
2808
3597
3336
1598
1810
3024
1793
3151
1909
3246
1885
2920
2760
1818
1678
3117
2014
1806
1993
3238
3355
1889
3207
1766
2755
1506
1793
1671
1578
2557
1738
2609
3161
3100
1545
2591
3160
1699
1519
2554
1524
1813
1557
2946
3097
2812
2979
2630
1448
2076
2535
2417
2329
2158
2459
2017
2483
2156
2145
2332
2499
2092
2109
2388
2167
2404
1994
2352
1690
2327
1821
1843
2040
2105
2034
1579
2155
1959
1619
2182
2310
2296
1993
2096
2175
1835
1808
1772
1779
2161
2057
1670
1973
2222
2155
1581
1660
1787
2084
1542
1923
1751
1780
1948
1599
1968
1939
1747
1500
1499
1610
1670
1597
1701
1591
3730
2108
2567
5327
6490
2597
4043
2423
2584
4034
2451
1759
2397
1822
3794
4912
2510
5282
4864
4731
2606
4031
15458
7957
5349
5100
2351
6542
6142
3821
3140
3793
7786
2407
2433
2230
2162
6810
6753
4769
3560
5022
4687
2278
2374
6142
2087
3363
6529
1695
5312
2370
5425
2285
2405
5205
3637
2437
6487
3163
3326
3949
4898
3346
3768
2279
2225
3641
2205
3605
2420
4869
2287
3723
3520
5345
3111
2291
4798
2231
2283
5131
9571
3957
2357
2013
2961
2490
5039
2250
2190
2280
3736
2195
2395
2313
2428
1745
2331
3567
3725
3196
3311
3620
3880
5174
4951
3720
3725
1924
4832
2406
3826
5152
5291
4774
3467
4475
5109
6667
3784
3681
5164
2182
6659
2127
2261
3056
3819
3730
4488
6466
2312
5379
3261
4919
5149
4884
13830
2341
2286
2020
3388
6043
6245
2269
2200
2122
2281
2089
2321
3025
3268
7968
3633
2111
10960
4737
6236
6179
2110
3732
1538
3582
3666
5014
4892
6184
6093
6398
2246
4828
2112
2132
2168
5273
4972
3303
4912
3044
2222
3783
4961
4577
3103
3231
3307
2286
2179
5871
4733
3048
5035
3748
3574
3440
5041
2115
3138
4995
5243
1956
2065
2146
5110
5853
3446
1827
4332
3236
5775
1751
3185
6543
2213
1656
2185
3009
5055
2019
3162
7448
4561
3239
2024
3151
4961
4994
6107
1979
2059
3600
3673
5049
3928
2137
3715
1675
3441
3048
2098
3919
3062
4503
4328
2946
2123
2137
5750
6653
2193
4138
5175
2088
2176
2052
4777
3460
4966
1920
4718
1715
1826
5997
1858
2273
2064
3476
2003
5893
4795
3064
4748
4743
5207
3295
4704
2103
3654
3249
4903
3107
1945
4851
3059
1452
2711
1714
3190
1899
4964
1746
2124
1602
4715
3045
8663
1945
3201
4812
2120
5786
3490
3316
2035
2116
1875
4946
3407
3552
5817
4233
4192
2754
6260
1934
2006
2938
2740
3749
1886
1954
6208
2908
8907
10359
4843
2589
3185
3631
3393
12093
1992
4449
4662
4421
1882
1768
1711
9080
2658
4823
4872
2780
2781
1684
4846
1848
1726
1848
4663
2635
3488
1701
4539
4732
3921
2614
3197
6125
2034
7390
1694
2987
1874
1617
1966
4768
1689
9222
3125
3289
3262
1765
4734
2909
2577
4901
1853
1909
3266
1699
2955
4394
1922
3385
3352
3397
1623
3279
1861
4346
4715
3001
1712
1587
4073
4381
1583
3092
3061
3054
4230
1698
3255
7133
2426
1454
1553
2505
3112
5579
4679
1451
2679
2666
1481
1496
6944
5625
1539
8587
2351
2555
2659
1499
4277
1517
2801
3914
1476
1574
2204
4401
4075
2784
1447
4244
5117
3536
5364
5006
2511
9619
3520
3332
3609
3083
5122
3341
5242
3425
2592
5538
3173
2539
3720
3419
3905
2474
3440
3783
2215
3568
3929
4838
2348
3078
2313
3805
4735
3247
1964
3739
2368
2646
2373
2274
2243
1723
14693
5251
1692
3168
2405
3949
2074
1667
3531
6178
2633
3215
5137
6720
10871
5178
2393
3717
2068
1926
3200
3437
2207
2477
2135
2475
3392
2284
7518
11933
3768
1575
5281
1854
3505
2118
2184
2309
3365
4569
3187
2229
3228
5020
4813
3422
2367
2009
1723
8173
2005
2200
2547
4806
2204
2308
3663
2102
3548
3902
4551
2214
5072
3270
3573
1995
2471
3774
4608
2255
4457
1592
5059
5249
1595
1974
3371
7731
11044
3632
3603
8027
3653
5141
2262
2421
4752
1709
1821
5126
5280
2188
1697
2387
11778
6635
1995
2097
4588
3621
2141
4695
3224
5154
3441
7932
3622
6162
3288
3442
2984
3594
5131
2250
1653
1911
2106
4776
3713
3621
2017
3385
1843
2231
3606
3076
2140
2098
3323
2526
3407
4693
3350
2199
3587
4353
4343
2076
1969
3533
4916
5089
3027
1989
2603
4935
4511
7841
4891
2274
2887
4441
2068
2061
2055
3606
4303
1836
1855
4887
3093
1981
3410
3480
3131
4250
3436
2864
2133
3568
1952
4668
2210
3701
2227
10989
2990
7885
3675
6427
4652
3514
2252
4460
7193
6586
4286
2062
4696
2899
2175
3297
1912
4873
2874
4391
1722
4351
4214
1952
2185
4973
1873
7367
3222
1961
3455
1693
1968
7338
3621
3494
1955
1957
2759
1927
4294
3486
3187
3187
1763
1542
1949
1932
3266
4506
2137
2766
1999
3461
3612
2889
3576
3287
2940
3371
3272
1703
3332
1944
4372
3007
4149
3076
1823
3263
3131
3228
2078
1516
2622
3133
4304
1652
1761
3014
4113
3213
3382
5792
3051
3014
3271
1748
3122
2522
1696
4370
2458
6171
3204
1733
1629
1933
4399
4463
1602
3247
4231
7538
1934
2942
5749
4607
1464
2970
1799
3930
1786
2841
2374
2929
3221
2610
1679
3811
2962
3818
4005
3149
1445
2283
2695
2325
4103
3009
3717
8971
1544
1763
4604
1527
1445
2832
5732
2805
3096
6743
3212
2788
2780
2791
2731
6537
2480
3633
6540
2052
3277
3843
5378
3796
2070
3595
4971
3296
3668
2532
3922
4969
2519
2475
2288
5013
4956
3269
2400
2207
3608
3662
5314
1558
3535
2339
2480
2638
3421
3602
2201
2325
1601
2172
3259
3713
3644
2273
1816
2213
4887
3231
3485
3225
3960
2061
3173
3629
3483
2385
2110
5221
3809
2274
3813
3238
2337
2053
6601
3591
3747
6471
2810
2325
2091
5858
3415
3019
2121
3460
2189
6646
6165
3540
1531
6690
2357
3671
1975
6674
3662
3112
3224
2354
3201
3302
3284
3090
1827
3425
2174
3161
2184
2211
3341
2629
6652
1800
5187
1949
2161
10664
2355
1949
3282
2239
2022
2195
6561
6574
2141
2302
3737
2243
7937
2253
2137
7485
3239
1573
2209
3034
2166
2160
3678
1951
10890
3254
4949
3623
7919
3028
2144
3558
1875
5947
2448
3257
3436
3573
2027
7396
1945
2153
3219
2081
1788
7980
2039
3398
2899
3402
4737
4036
2060
2361
2118
2023
2168
2852
4704
3192
1994
2088
3403
1993
3497
1975
2086
1526
3358
3150
1855
2190
3340
3287
1965
2034
3060
2828
2175
2861
3031
1721
7377
3035
2155
3081
2030
1768
1782
2841
1979
3249
1871
4416
2239
2003
3298
3425
4555
3241
1579
1477
2168
4237
1607
1860
3422
3215
2793
3156
2193
1904
3238
2938
1812
2022
1789
4377
1579
2815
2877
1575
2207
2809
3475
3267
3480
3429
3477
1836
1790
1895
3126
4214
2160
1914
3038
1770
1591
3405
1614
1993
2947
2058
3754
7261
1716
1734
2911
1838
2622
1863
1890
3129
1658
1860
3382
3288
1844
3461
3010
1714
2594
4531
2563
3115
5733
4306
1514
2739
2565
2646
1551
5952
5532
3181
4383
5515
1890
1810
1925
2904
6069
6137
2877
1943
6190
1592
3100
1668
1695
4424
4259
2816
1489
2713
1475
4132
5481
3117
1612
2834
2893
1651
1648
4071
4369
2381
2484
2173
1684
2539
1467
1444
2381
4327
4153
3842
3966
5225
2494
5070
2329
2197
6927
4896
5525
3339
6620
3588
1700
6725
6756
6724
5376
5210
4642
5042
4842
5214
5513
6303
2450
1712
3207
2303
3806
5166
3607
2086
4756
6574
2332
3364
2279
4817
1821
2280
6144
3749
5111
1903
4833
1986
5322
3992
1660
1987
1632
2156
1904
3752
2480
2228
2246
2168
7580
5203
2045
6600
2032
1885
3392
2118
5018
3484
2068
2903
2203
1671
4552
4695
7524
4548
2189
4370
4711
6252
4361
2116
6339
3351
2226
2145
2020
5015
2047
4466
4946
4667
3074
7477
2091
6353
4211
7727
3566
2010
2323
6471
2898
1928
1989
3078
1892
2241
1899
9307
4599
3158
4870
6009
2133
6010
6152
4705
3470
4687
4485
3034
3432
1814
1631
1940
3398
6386
7400
1624
6193
5775
3226
1597
3263
4387
1760
1533
1837
5014
10562
4391
4183
5825
1700
1619
2007
4171
3207
4786
1841
2094
1623
1747
1801
5012
1830
1583
1710
5539
2744
1648
4617
2907
1644
1690
1632
2607
4460
3128
3234
4647
3044
1854
4635
1740
4606
3044
2995
2703
3988
4606
3992
1673
1696
1526
4553
2936
10987
2929
1460
3097
3945
5742
5541
4465
3766
4484
3177
3874
1488
1693
3811
8382
1471
4986
3632
10983
2148
4015
4202
1446
3764
2221
4265
4101
4089
8425
4022
3623
3953
3906
5252
3133
3951
2510
4056
6363
3569
3313
2469
2023
3535
3634
4824
3134
3954
5325
2086
4967
2001
3412
2302
4887
4884
3549
3828
6596
1874
1767
2101
3549
3313
3772
4892
2145
4753
6098
3032
2260
4479
3291
3694
2274
3795
3482
2131
6021
5110
3631
1913
2325
3404
3054
3494
5098
3361
3516
3471
3356
3547
1629
7595
3528
4817
4690
3269
3480
2158
3500
3493
2401
4515
10560
3223
7454
5170
10539
4737
3330
2596
1765
1616
5049
1765
1902
2878
4467
3539
3061
3223
3043
2149
3230
3010
3165
3222
1554
7739
3165
3209
4820
4355
1689
3072
3583
4998
4577
2997
8982
3492
3159
4794
3449
4667
3477
4129
4227
3056
2794
2902
2868
4105
2914
3384
3072
2905
9084
4607
4076
2923
5547
3378
4710
1707
3279
3222
3584
1444
3062
3222
2766
3298
1526
3237
3178
3052
3121
3389
2682
1965
3083
4040
2753
4302
3264
2701
3073
4564
3970
5828
1544
2772
2909
3129
2817
2943
1610
3201
3170
2492
3074
2756
3268
3136
3023
2687
3141
3063
3740
2827
3045
1679
1634
3085
3075
2925
2997
2568
3901
2645
1543
2328
1741
7156
2915
4362
2438
2171
4343
2591
2413
5142
3765
1936
2433
1951
2648
3072
2506
2306
8193
5140
2607
2366
9117
2225
1678
2146
1749
2197
2351
5077
3604
2061
9413
2145
3218
1624
5246
3239
2225
1717
2135
1905
3702
2149
6587
4698
2235
3155
2215
4588
2021
7668
2015
3515
2326
1652
1937
4811
7475
3380
4889
1687
3510
1938
4958
3271
1713
2983
1899
3081
2976
2706
2697
4727
3342
8469
3134
1511
3123
3008
1724
8897
1485
2635
1932
4135
1891
1637
1586
1746
5194
8646
3096
1514
3732
7595
5333
5232
2392
5444
5348
5309
3840
3440
2590
3619
2510
2593
2672
3911
6708
4971
5168
2435
3223
3703
2405
3735
3879
7728
3197
5401
2391
2490
8057
2287
4938
3323
4931
7715
3606
2358
3795
6525
5000
2258
5206
4726
2164
4807
7388
2183
5175
3614
5423
3266
1842
3591
2277
1780
6521
2368
5216
3632
2130
5184
3384
2423
3722
1992
3439
5237
7522
3812
4807
3572
7235
7533
4968
6397
2225
5030
2159
2199
2340
4705
2188
2059
7271
3135
2134
2905
4954
3622
4848
3464
3446
3719
3733
5179
2060
1972
3517
5735
2126
4978
7911
2255
4437
2066
4707
4141
2057
1982
2033
3256
3507
4389
3437
4370
2252
4382
7179
4266
4556
3486
5728
3363
3473
2917
1814
1909
3037
3169
2207
4662
3479
2203
6147
5576
1833
6052
3418
2165
6009
6144
3426
4575
2970
1870
1725
6320
4324
6053
3209
3238
6134
1904
3294
1799
3219
1632
3363
1755
1789
2768
6842
4808
3160
1773
1503
1540
7220
3238
1807
4415
2752
1690
5756
6840
4701
1473
1865
4321
1692
2992
2925
3040
2905
2878
2896
3231
1697
2342
3686
2932
1713
2284
2885
1757
5445
7377
5343
2755
7231
2403
4403
2704
1645
2851
5568
2515
6227
3319
6193
2390
6766
5373
3230
2412
6340
6914
2444
3944
2316
2315
2297
2609
5053
2527
2540
3507
5122
1910
6640
3665
3706
3588
2310
5475
2250
5235
6195
5470
2520
5092
5419
1573
4832
3283
2281
3506
6496
4647
2502
3945
2361
2188
4734
5168
5349
5078
4945
2314
3531
2030
3352
3770
3042
2361
5224
1694
2141
3698
2052
1746
6630
6264
5057
3174
2408
3823
5135
5380
3853
2215
5234
4991
4717
6512
1680
2074
3725
4894
2438
2349
2321
3731
6514
3858
2384
2389
3610
5194
1707
6699
3330
2241
3706
3793
1562
5507
2223
5259
3679
2175
3743
3489
3891
1542
4945
6733
3889
2386
1696
3738
3550
3886
5212
3117
2052
3179
4581
2270
5160
2222
2369
3534
3806
6535
2335
4795
1954
5117
4987
2337
3746
5280
6214
6569
4486
2372
6718
3510
3703
5129
3737
1993
3765
1505
5130
5249
5242
4685
1982
3283
2263
1912
2177
3736
3271
2351
5193
5300
2322
6189
4927
5174
4778
2182
1657
3714
5912
2194
4576
2279
3362
2179
6531
2281
2277
4605
5142
3220
1987
5164
3199
3627
4459
3315
6614
5056
6061
4995
2268
2151
3771
3348
5097
2240
3799
3440
3693
6603
2237
3489
3709
4921
1913
4776
2216
3481
2223
2221
5703
4730
2263
1988
5152
3521
3562
3659
1743
2261
3495
4468
6459
1958
3678
5682
4966
2079
2038
2143
4852
2194
6271
4792
4357
1493
2953
1957
3102
2099
4860
4836
3558
2054
5046
4700
6034
2160
2074
3649
2115
2286
2230
3062
1891
2030
2238
2294
1674
1932
3393
4991
3459
6076
3003
3134
4903
3440
3641
3441
4497
1970
4795
3477
2181
3379
2020
2023
1815
2783
1574
3359
2979
4616
4818
3654
5092
2133
5118
2929
4903
4371
2050
4736
1896
4697
1745
3397
3077
4789
5816
1876
6198
4555
4835
4862
1580
4545
4231
2776
2859
5649
4184
2844
4742
3249
6385
4897
3227
1530
5110
1582
3173
4650
1683
4821
3564
3599
3251
3260
1780
3018
4555
1912
4222
1996
2731
4783
4693
1756
4613
5614
4748
2055
1832
1979
1844
1897
3322
2796
1843
5529
3339
1728
3179
6106
1709
3174
3158
5542
3409
4737
1727
3116
1815
2727
4718
3000
1648
3167
1705
1927
1570
1777
3191
2522
1539
2597
2585
4722
1588
5916
1799
1571
4123
1826
2967
1873
1736
3116
1530
4436
4312
1706
4152
2912
1772
1563
2886
1509
1755
5602
1570
1613
3136
2582
4212
1610
2771
3924
1490
1541
5323
2949
1733
2667
4312
2403
3799
4556
4329
4233
2059
5254
2670
4082
2743
2579
3529
5287
2507
2403
4006
2500
2375
3737
5225
3881
5144
3875
3897
2573
2290
2556
2559
3267
3437
3517
2493
2203
2504
2495
3855
1848
3978
2201
2442
2532
3754
2437
4614
2272
3586
3947
5401
3304
2541
2249
4836
1936
2115
1893
3688
3524
2292
5328
5379
3339
2155
5277
3545
2519
3273
4866
3667
3333
3617
4011
3322
2267
3770
3301
3165
2123
3791
2254
3694
3907
3741
1681
3881
2262
2141
2343
3768
3001
1574
3771
2365
3551
3350
4799
3707
2051
4937
4873
5104
3739
4723
3776
1521
2256
3735
3106
3715
2045
3087
4774
3823
2122
2331
1825
4772
2016
2322
1777
3721
2107
2091
5166
1983
3686
2222
3512
3409
2352
1685
2399
2221
3587
2248
2375
2280
2159
3233
1604
2066
3169
1867
5207
2257
3600
3588
3515
3363
5125
3598
5243
3761
3447
3793
4883
1694
1712
2305
4617
1845
1933
3352
4475
5076
3460
2261
2300
3533
3137
2051
3301
2178
1860
3319
2197
3405
1853
3639
4390
1626
4976
2307
2242
4395
2181
1878
3607
4804
3510
2176
2293
3400
1830
2211
2912
2162
1609
2092
1809
3634
1872
3440
1965
3178
3635
3519
3440
3609
4407
3326
3522
3397
3114
5065
3167
4495
1513
3409
5000
2020
2081
1935
1553
4889
3491
1600
5083
1667
4264
3596
2070
3153
1976
2173
3280
3419
1853
3020
4690
3674
2823
2896
1895
3297
4187
3646
4456
4616
1557
3341
3481
3164
1623
3361
3280
2103
3662
3497
3382
2039
4632
1965
3068
4719
1859
4710
1612
3292
2600
3379
1746
1801
2123
3534
3254
3403
1879
4481
3221
4662
4269
1564
2103
1495
1941
1854
2908
1797
1808
1934
1978
2774
1866
3298
1813
1984
4616
1791
2048
3200
3376
1691
1774
3134
2584
1550
4212
3051
1629
4029
3059
1739
1898
1652
3277
1834
2553
3319
1820
1888
3224
4096
1861
4079
1570
1543
1717
2461
2349
3003
1548
1744
2667
1632
1812
3193
1498
1584
2794
1451
3942
3143
3066
1525
1685
3102
3011
2974
1528
1444
2463
3109
2347
2636
2904
2088
2519
2619
2424
2379
2308
2313
2371
2202
3654
2256
2387
2085
2364
3967
2174
2647
2227
2416
1676
2291
2167
3484
3871
2363
2315
1985
2135
2548
3098
3630
1903
2273
2283
3542
2370
3864
2228
2082
3210
2287
3142
3632
3415
2325
2048
2372
3613
3617
3352
2084
2054
2420
3683
3363
3883
3486
3325
2403
2346
2450
2375
3781
2391
2191
3829
2169
2539
2270
2202
2367
2150
3823
3602
2247
2145
2423
2164
3386
3311
3408
2265
3576
2398
1800
3644
3218
3556
3211
1872
3155
2019
1989
3269
3153
3540
2040
1983
2313
3052
3321
3242
3502
2075
2060
1744
1994
3327
1990
2263
2105
3377
2051
2850
1494
3199
3559
2226
3607
3340
1675
2286
2851
1699
1748
1866
3355
3366
3612
1902
3406
1700
1837
3503
2005
3317
2071
3501
2804
1933
2648
1796
2890
1674
2021
2201
1952
3176
1830
3198
1957
1907
2833
2915
1698
1921
1853
1851
1856
1638
1726
2031
1682
3414
3486
3438
1695
3243
3189
1793
3335
1775
2972
3180
2075
1857
1683
1788
2040
2514
1926
1680
2877
2717
1711
1904
1794
3087
1777
1824
1906
1892
1736
3128
1760
3120
1982
2787
1754
3072
1585
1719
3183
1536
1885
1539
2714
2523
1485
1821
1545
1671
2930
3056
3081
1512
2838
1482
1600
2239
1590
2849
2687
2335
2813
1531
1569
2703
1533
2418
2830
2105
2610
1967
2402
2256
2441
1731
2416
2490
2073
2024
2494
2098
2197
2229
1529
2181
2372
1784
2239
2264
2237
1943
1952
2422
2324
2008
2262
2165
2437
2246
1743
1559
2429
2104
2139
1716
2335
1712
2274
1878
1802
2191
2145
2127
2016
2177
1551
1937
2095
2125
2301
2256
2027
2074
1510
2086
1909
2222
2207
1628
1582
1887
2013
1822
1757
1914
1525
1851
1914
1603
1988
1588
2008
1696
1821
1782
1784
1969
1667
1549
1541
1954
2005
1442
1657
1637
1511
1598
1617
1662
1684
1584
1682
1543
1463
5137
3249
3901
2276
3880
3726
3554
6434
3890
2341
6834
2434
4778
7374
4205
5192
6327
2281
4823
2327
3058
2536
6662
5056
3912
2558
5249
5068
6482
3754
5022
2303
2394
2301
2336
5149
3488
3491
3673
2254
2333
1652
2195
2046
4952
2242
4137
3733
2548
3429
5452
3110
1850
2353
2279
2183
4721
5347
2252
2079
3635
4799
2145
3560
3896
6233
3628
5922
2224
2240
3730
2082
3837
3287
2208
2204
3743
7982
3658
5901
3754
3230
3091
6570
2235
2295
3842
2093
5019
1775
3398
6260
4937
5200
1885
3633
6681
5142
5183
5077
5066
3710
5085
3426
3484
1994
5056
1676
2079
2959
1616
2356
3415
4914
2217
3498
3313
2127
3192
4943
3505
6698
1954
5031
2064
1805
5000
3195
4861
4011
5935
1816
2118
6255
3733
4774
2029
1883
2164
2174
6404
3513
4814
2090
2290
5962
4904
4495
2118
4555
2872
4495
4906
4322
6038
2043
6406
5003
4696
5706
4987
2068
5714
7247
3339
3448
2058
4276
5084
5109
1950
1787
3336
1510
4533
3181
3643
1919
4656
3600
4546
1785
4936
5125
4399
4543
3441
5769
1901
1852
3306
2143
2914
3258
4904
1916
3365
5707
1621
4382
1975
3277
1643
5547
3356
3012
4726
3492
3214
1689
4980
4953
3225
1632
3237
3273
3424
3650
5620
1926
1943
4520
4383
2632
4292
3217
2939
4142
3601
1678
1693
3215
5451
1731
5843
4662
2596
1639
4432
4709
2495
3425
1836
1673
4286
1524
1707
3167
3163
4578
5291
2272
2852
15542
2310
7057
1669
1518
4177
2822
2810
2459
1545
11258
5688
3945
5338
2115
3862
3920
5128
5106
5012
4764
2568
3270
4022
2412
2312
2049
2360
3908
2402
3933
2431
2298
7503
3431
3198
3779
3807
3354
5287
2410
3965
2481
2378
4668
2243
2202
2501
3742
1665
4602
1836
1941
2252
1641
1871
2469
5153
2406
3716
2161
1632
2331
4511
2465
3714
2253
5043
4801
3034
2339
2202
3386
3870
7482
3933
1481
2081
4548
3652
2151
2167
2260
4680
3081
3844
3262
9163
3271
2118
3024
2274
3438
2085
3435
3445
2097
4517
1986
4671
4427
3450
3698
2166
3301
2152
3753
2044
3476
6258
4632
3098
2144
3613
2958
1808
1905
3292
2247
4926
1979
3263
1984
3677
4619
4654
1651
1954
3708
4768
2127
4598
3483
3293
2907
2034
3535
1806
3653
5813
3601
3276
1658
4626
10680
3320
2053
6044
1893
1967
1891
3660
3447
2878
1776
4910
4861
2841
4761
3141
2939
4129
2936
4101
1541
1827
3050
2674
3125
1888
2679
3235
3186
1611
1540
1542
1839
1860
4582
1684
1723
4711
4891
2806
7594
1802
2737
4108
3192
3179
4392
2488
2593
2906
1654
1736
2936
1758
4189
2875
3059
3026
1541
1651
5646
2474
4333
1823
1496
1538
2331
7972
1462
2814
3798
4043
8052
2488
10835
2195
1821
5307
3190
3942
2393
3140
2629
3370
2415
2117
3629
2216
6177
3468
3900
2382
2408
2421
2628
2033
3418
2416
2196
3340
2182
1973
2154
2229
2278
3200
2538
3217
3863
3691
3296
2114
5219
2438
3712
3743
1672
3116
2170
4690
2106
2179
1883
3018
1900
3723
2281
3765
4563
2208
6014
5207
1872
4632
2143
2185
1744
7547
3768
3384
9217
10591
2019
3543
2001
2081
3257
2942
3340
3334
2057
1566
1656
6392
2878
6320
7320
7542
2214
2863
3445
2271
6366
1876
2229
2878
2186
1756
2130
2132
3230
2182
2074
1620
1949
4421
2029
2145
2998
1882
9351
3474
1937
2967
1974
2200
3227
1957
2765
3561
3516
2873
2062
3345
4910
4325
1597
4813
5630
3200
1738
1581
3122
5758
1646
1951
2538
5909
1905
2735
1684
1887
1960
1615
3176
1594
4058
1883
6143
3260
1566
2018
3018
6202
3242
1812
1866
1870
3077
8429
3274
3310
3350
1858
9910
2548
1744
1882
1819
2727
1750
2697
2767
1771
6097
1754
1728
7358
2716
5560
1747
6761
2526
4282
2756
1740
1587
3734
1610
9564
5646
1521
1596
1545
1442
1484
2310
6571
4694
5512
2454
2205
6128
5352
1963
7975
4920
5353
1853
1852
2165
2079
7634
1733
2121
1794
2379
2116
2266
2216
2296
2419
2208
2363
5166
4789
5221
4667
2273
4901
2171
1900
2096
1660
2100
2044
2139
6197
2130
1998
6572
2525
4827
1663
7754
4825
3744
5222
7546
10280
3747
9462
2133
1799
2280
2047
2115
4996
5196
6102
3431
5254
2225
2067
4904
2778
3448
1654
1994
5115
2237
4952
4475
4738
2277
6038
6341
3606
2181
2048
1955
1958
1727
4594
5035
4585
1666
4716
2815
5896
2083
1693
2042
1959
1868
1860
1933
1641
1967
4194
1963
1685
4464
3079
4813
1856
4597
2999
4816
1731
4420
1765
1479
4461
3152
1573
4395
3068
5418
1672
1533
1788
4769
6590
1630
6132
4602
2926
1732
4619
2615
4475
5458
4218
4307
5872
4235
2636
1536
1535
4180
4224
4319
4004
4572
3902
1590
4540
5216
5833
4033
3221
4074
5226
1786
4032
3461
1766
3276
3321
8104
3593
3761
3631
3803
3057
1944
1632
4480
3191
3774
6163
5101
8185
8079
2141
3611
3173
3762
3515
3260
3591
4649
6624
2045
3414
3570
2190
3111
3637
1644
1952
3733
4702
3462
3461
3237
3690
2129
6463
6096
2926
3019
3440
4469
2068
3031
3238
7323
3178
3171
3364
3432
1846
3139
3103
6217
2872
2906
1674
6991
1729
3466
1696
4105
3051
4622
3365
3019
2933
2698
4178
2759
3128
3060
2952
10513
2966
2493
2585
1673
2904
3097
5646
2682
3076
1661
4006
3147
2856
3674
9994
2947
2799
4485
2550
6677
4057
2070
3672
2517
2125
2457
3327
3557
3302
2326
2396
2134
3550
1729
2028
1569
4505
9528
1895
2069
2235
2911
2112
4616
4442
7417
1628
3411
3615
2162
2313
4893
1787
7134
4619
1664
2766
5993
6330
2824
7608
2961
6780
5318
4813
4023
3786
3684
2410
2066
6848
6624
3179
4865
8052
4883
1964
2263
3582
6675
6501
3830
5241
5077
2292
3777
7621
3732
7641
3756
6678
1718
3532
3190
4476
1660
2370
4284
3534
5063
6093
2049
4411
4860
4941
5074
2070
4701
3373
6372
2063
1877
1961
5904
6410
2973
7757
5493
6328
2137
3171
1806
3435
3421
1957
5744
4682
7507
4730
4706
1686
4001
2655
1816
1640
1482
3047
4510
6696
4290
6680
3017
2881
2908
1515
2677
5552
3531
5149
2813
2753
2897
2963
2945
5744
4067
4282
1564
2400
5561
6113
3415
2294
6831
3916
2196
3852
4882
5421
6741
6296
2453
3317
6693
6552
5349
1838
4823
2441
6491
6127
2238
5046
2343
5056
4982
6613
2472
2216
2102
5254
2031
2479
6117
3563
3802
3737
3475
3864
3776
2351
5329
2310
1652
6015
1557
3646
5015
2429
3834
2346
3825
6489
2412
2063
2389
3575
3538
2225
4997
3627
3159
3129
2105
2146
1821
4832
2312
2149
6275
2317
2357
2197
2102
5249
2144
2261
3497
3743
3284
4922
3702
3022
6296
2352
2173
2260
2096
3763
2322
4787
3023
3599
3736
4943
2291
2967
3616
6544
3305
3350
2105
4919
2075
4943
3765
1611
2128
5125
2106
2163
2068
4333
2291
2163
3602
2286
2011
6414
4901
6397
3511
5884
5978
2200
3468
4284
4913
3417
6121
6312
3154
2130
4174
1850
2817
1925
2019
4364
4718
3493
5970
3415
4819
4921
3282
1985
2073
1717
3171
1795
3340
1798
5971
5625
1920
3282
3206
6181
4670
4367
4357
4780
4399
3293
4364
4549
4050
4802
4612
2568
1849
3365
2642
3060
5931
1793
2201
2162
2710
3452
4817
3640
3185
5166
5376
4688
2319
3210
3694
3428
3647
3748
3781
3600
3854
2294
3504
2134
2258
2242
3819
3809
5182
2124
2154
2376
3942
3754
5270
2208
2154
4682
2546
2278
3869
4995
3671
2126
2259
2181
2111
1948
1963
3644
3257
1895
2330
1995
3179
2213
4670
2278
3812
2242
2909
4632
2232
1810
2267
3135
3767
2265
3580
3345
5048
2203
4587
2247
4709
2192
2276
3669
3313
4961
4774
3842
3358
2166
1776
3588
2155
2108
3363
4855
2109
1579
2097
1787
2039
3120
1916
1561
3417
3366
3639
2092
3442
3189
4908
4845
3262
3173
1980
2866
2219
3490
1803
3091
3464
2998
3276
4757
2991
2035
4739
3329
3059
3203
4787
2106
3369
3241
4644
3069
4219
3360
3483
3250
4533
3591
3248
3416
3062
2934
4636
4491
1815
1804
4560
1939
2089
3245
3451
2031
3308
2654
4775
2696
3392
3293
3236
3039
2705
4607
1682
2687
1882
1744
2948
4223
1541
3048
1830
3089
2996
3126
4140
2287
2944
3173
1729
1626
1455
4491
2924
1488
2885
2361
3197
3371
3647
3606
2373
2236
3041
2232
3360
2410
3577
1595
3352
3809
3827
3146
2400
2468
1845
3771
2244
3275
2252
2017
2493
3327
3650
3387
2385
2251
2182
2169
3341
2327
2438
2117
2095
1921
2026
2147
3881
2420
2344
2295
1817
3214
2421
2232
3846
1903
3785
2317
3819
3453
2186
1988
3394
3798
3749
3400
2202
2322
2002
3498
3481
2167
1832
2274
1915
2210
1847
2033
1923
1648
2257
2161
1804
3357
3445
2126
3164
3483
2242
2041
3193
3205
2200
1918
3395
2809
1694
2193
2172
1640
3352
2152
2023
1847
3428
3267
3408
3226
1715
2152
3103
1832
3089
3099
2094
1681
1799
1651
1873
3100
3055
1734
3201
1916
2755
1650
1881
2005
1687
1504
2513
1572
1834
1756
1764
1473
1679
3042
1542
2959
1606
2908
2271
2999
1475
2649
2868
2643
2354
2151
2562
2464
2558
2153
2069
2539
2011
2144
2392
2472
2397
2385
1892
2246
1658
2029
2381
2179
2137
2194
2113
1812
1824
2430
2150
1559
2186
2208
1709
2347
1977
2205
2302
2225
2125
1714
2000
2033
1628
1781
2178
1632
1813
1820
1702
1741
1657
1520
1845
1521
1812
1612
1592
7513
6136
3361
2158
1931
1453
2165
1518
5299
1797
2179
3634
7600
3709
1823
2920
2968
3493
3116
3791
2250
4545
5453
9110
5005
10472
4513
3988
5052
4418
4576
3251
12356
4928
1816
4717
1583
2087
6072
5973
3110
3353
3412
1860
3272
5923
2831
1458
2443
2617
2849
1819
5066
2333
9583
3700
3687
2528
2225
2392
3116
5122
2144
3639
4252
9334
1936
1959
3539
3066
1901
3476
2005
1810
3291
4334
4480
3282
3327
2854
4501
1577
4281
2591
4566
2840
2656
2496
2235
2341
2426
4979
7486
1939
2254
3508
6578
3269
6176
3767
3486
7865
1787
3458
4460
10610
2092
2024
2273
2158
1921
3112
4298
2253
3317
2950
3572
3311
4456
2799
5994
3219
1474
1821
2966
1595
3062
2352
1634
6328
4608
5344
3541
2123
10717
8091
2116
10613
3746
6052
6601
5951
4365
4607
4796
5053
4500
3045
1798
6139
4717
1766
4916
4827
3091
1731
4236
3989
3030
5367
2941
4086
3747
3062
6219
1926
3376
5077
3232
4947
3576
4695
6223
2137
3421
4711
3154
4391
1697
2901
3123
2885
2993
4768
2673
3987
3749
4352
1870
2393
3833
3661
8948
6271
2234
2269
3476
4339
1544
1772
1549
2935
2655
2049
2523
5301
2350
8105
5207
3750
2411
6325
4794
5096
6012
2933
2211
3275
4620
3372
4013
1665
4691
2504
1593
2663
4398
1997
3863
5520
6778
2530
2084
5233
3808
3037
1769
2148
2397
5292
3568
2200
3787
3717
2302
2118
2303
3698
2134
4936
3484
3410
1593
2246
1750
4510
3436
3326
1798
4975
1878
3102
3105
1757
3249
5715
4761
2893
4404
3950
2491
2571
5307
3590
3756
4875
1787
4019
2261
2418
3569
4439
2968
3383
2985
2073
1844
1843
1571
1972
2637
4574
1920
2722
1680
1637
4004
1559
1813
3648
3693
2296
2527
3615
3374
3347
2010
3767
1697
1699
2056
3627
3192
1866
3130
2020
1915
3309
1557
1650
1818
2967
2807
1567
2164
1885
1837
1547
1609
2146
2849
3672
4240
2176
3165
8230
2211
1651
1947
5000
6162
2132
2333
2129
2956
2138
5256
4034
4581
2901
1661
3385
10513
4768
2814
4849
4296
5119
4719
2111
4914
5862
3927
1927
2247
2062
2180
1529
2153
4379
1963
1614
7069
2968
3751
4706
2035
2889
1762
5799
3412
2264
1915
3268
6439
5804
3176
3687
2277
6047
5420
4519
5220
6655
5352
1659
4398
2504
3574
2267
8621
2846
2326
2131
6117
1722
5768
6086
4517
1919
1491
5383
3283
4785
2863
3531
2899
5116
4196
4320
3678
2287
5626
4578
6341
5381
2401
2972
7946
2227
3807
3149
2568
2190
4352
2193
6365
3679
2986
6153
4214
5811
1827
2940
2249
1971
4152
4943
1964
3198
1478
4840
3078
3419
1452
2449
5094
6069
2170
5897
4738
4835
3476
2931
3248
2850
3195
4804
5195
4132
11586
3623
3743
2669
3662
6406
4618
2342
1818
6084
5023
1958
2546
5632
6307
5062
4917
2383
3851
3069
3225
3469
7878
3005
3779
7148
4042
3306
3299
4493
2766
3227
1478
3185
5174
3740
5702
9259
6289
5093
2269
2597
3351
2310
2073
6808
1786
3313
3068
4576
3581
2224
2237
4795
1695
9222
1569
4664
3179
5052
4362
3207
3767
4665
1766
3700
3565
6349
4615
3560
3606
2040
3422
5988
2157
4908
3820
6105
3451
2329
1800
3385
7723
2822
2997
2291
7236
3533
1785
6143
3782
2032
4702
6201
2843
1515
6203
5880
5067
3392
1578
10141
2431
4460
4680
5694
7929
3403
6255
4861
5269
4725
4563
3536
4755
3372
1610
4939
6726
6990
7201
2651
7590
5014
3580
4577
3704
4636
4263
2599
3963
6882
4806
1441
4164
2988
1700
1505
3582
1874
5560
4660
3432
2225
4877
3318
4415
6006
3352
4754
7268
3166
1798
5755
5854
4892
2833
4136
3350
1858
3342
3334
5184
4104
1756
2958
5836
2409
7641
2769
3163
6452
4806
3670
3325
4589
3110
4467
1692
6078
2011
4810
2654
7930
3687
2691
3066
4364
6583
1709
3343
8197
3039
1940
1606
2339
3870
3071
4273
3274
4648
4247
2955
2412
3807
3619
4569
3240
4452
4334
2837
6792
7895
1835
4262
6577
2415
8757
5850
3488
4641
2372
6382
2639
4603
3537
1560
5080
4584
4776
2057
2456
7130
3715
6034
1950
4790
3152
3130
2682
3374
2681
5505
3410
5667
6243
1735
1595
2541
5755
2927
6796
1880
3614
1825
11671
3891
3129
1761
3637
2860
4079
2229
2216
5737
4303
10708
5243
6002
4524
4027
1988
1971
5928
2946
1452
3840
4889
2396
2294
5974
4899
4374
3172
5441
5683
1643
3730
6321
6669
3215
2932
4783
4913
3113
5138
2587
4731
3839
6179
1733
1538
6479
3469
3265
2822
3199
3142
2729
2904
3179
1788
2028
3301
2024
2694
4959
3247
2418
3920
2062
2349
5207
3307
2383
4282
2202
7262
1556
6526
7734
4903
3765
6017
5206
1693
3831
6070
1993
3260
2947
2589
2989
2109
3471
1651
2088
1660
6095
2111
4618
7308
2203
2869
5850
1710
2601
3646
5049
5102
5961
5097
2151
4899
2332
7189
6447
7237
5708
5121
7340
1797
7193
5734
2506
3776
3524
6362
5263
2173
2307
4338
4927
3062
3873
1593
3830
3219
3312
6087
3535
3261
6153
6241
3309
3197
4641
1647
3402
3372
1828
12313
6082
3491
2069
5819
4890
4451
4600
3177
4087
3975
7269
4331
3833
1993
3943
3175
3705
3102
3398
1824
2811
6994
4492
7633
9094
1805
2637
4311
3892
8231
8004
6694
7703
8096
3634
8045
4903
3230
6211
7572
2977
5478
4474
6918
3812
3941
6598
3640
2278
3868
6067
5220
2241
5000
3669
3435
5881
3468
3597
4941
5088
3262
1525
1940
4985
2124
1972
2138
5580
1738
4480
3175
6263
5777
4301
1568
4116
3877
3424
3183
2144
4801
5037
3409
3747
4361
1751
3269
3065
4032
2097
2290
2204
3570
3372
1941
1573
3036
1444
2535
1884
2429
9575
6716
2258
3372
6115
2296
2241
2413
4911
3076
6418
4511
7300
4695
2248
5119
5176
5066
3638
5967
5797
5303
5673
6067
5723
4887
2191
1672
1734
7139
5751
3407
4572
3219
4695
6271
8753
5727
4884
1707
5901
4424
1896
3993
1612
4772
3284
4336
1755
1662
4337
1651
4326
4354
3881
5811
4518
2561
4020
2210
4804
3672
2019
3807
2305
3630
2293
3459
3849
2430
5864
2312
6004
4368
1805
3187
3727
6117
4809
1981
3272
4884
3421
3198
2116
5937
7589
3418
4045
6168
4023
3237
4152
7384
5548
4484
7368
4493
3702
6588
3705
2194
2392
3284
2294
1952
5149
3511
2184
3564
3656
11496
4934
3488
8693
8932
6231
5799
1807
2797
3086
5585
2952
2242
2359
3111
1655
4716
4702
6304
5935
4928
1466
4720
1821
5943
4532
2932
11566
1638
2990
11401
7931
2279
2354
6294
4536
4712
3359
10349
3272
4644
5418
4483
4504
7801
1884
1796
4239
7686
4812
6494
4952
5686
7828
1733
8637
7136
2888
5531
5285
8136
5123
5161
6585
5028
3655
3637
3444
7839
6026
4955
3165
4740
7021
5550
7287
6127
5920
3196
4416
4253
3357
5494
7226
5696
6893
2644
4346
1445
3880
2240
4742
2627
3918
2120
3883
3707
5131
5048
4998
3374
3462
5889
5958
1923
6234
6226
3451
1872
4735
4821
2954
1906
3135
5619
3108
5594
3254
1930
4533
6229
4186
6082
4797
1997
2123
4982
1942
1941
5759
5850
1511
5828
4574
5782
2771
2884
2237
3602
3205
1818
2317
2234
2288
3094
3063
3338
2317
2075
3078
5024
4642
3208
4619
3250
1761
4192
2946
1788
4362
3665
2299
2203
3741
2280
2290
2337
1876
2245
1868
3163
2331
3156
3649
2016
2999
3363
3412
1724
3108
2748
2266
2020
2071
1543
2000
1793
1592
4442
3197
3616
3949
4705
2274
4905
4448
4399
2866
5971
3795
3610
7815
1872
5820
4979
4646
2321
1735
7483
5778
3737
3320
6359
11664
3451
5920
2668
2854
4526
3570
3038
4065
3926
3663
2850
3041
2790
2423
1528
8072
5732
1905
3311
3306
3831
2953
4315
5712
5786
5975
7796
1897
1729
3062
1521
3842
3976
1495
3015
5569
2596
3870
3594
3885
6789
2200
6237
4983
2443
5097
2487
5494
3771
3226
4881
3638
4956
3307
4464
4408
3545
5156
5302
4597
3270
5782
4563
3071
1526
5319
3598
5286
2244
3216
4267
3345
4255
3422
1947
3996
4397
2481
3912
1828
1914
2320
3713
3396
3515
2058
2903
3032
2119
2344
2087
1509
1505
1734
6237
7286
6537
3071
3696
6395
6236
2305
12295
4945
4986
6377
4805
5909
7174
2349
4438
2092
2251
4669
4884
5871
10038
5711
5204
2773
3292
2077
6419
4800
5691
12766
5440
2857
1612
3947
2527
4916
2322
4648
1816
5421
1915
3696
4859
2306
3428
7530
4893
2911
4634
4225
3621
4888
4333
7579
5593
3358
4384
7038
4632
1623
1806
8061
4386
13252
6238
4353
1887
6087
5705
2617
6437
5249
1709
6403
1932
4899
2199
3470
4613
4342
4836
4509
5051
11089
11385
2892
2277
5379
3771
4350
8008
1834
4848
3123
3188
2792
2682
5703
2918
2542
9301
1532
6279
4948
5784
4946
3570
2785
1960
8629
5204
2489
4515
6068
1708
3768
3524
2122
8043
6135
5048
5012
10138
6216
5068
3566
3212
1828
2977
5817
2939
5987
3371
6331
6345
1931
4393
7236
4343
2561
2698
4512
1648
5352
3147
16085
8727
4384
5040
1782
6607
3622
3783
2970
5118
3542
3006
2428
3053
5828
3821
3512
3382
2118
3093
4593
4221
3174
1689
5775
4462
1450
8716
3840
3547
3382
2496
2350
3228
3949
2320
3232
1474
2062
1657
4907
2102
1984
3199
2691
2065
3048
3491
13027
2778
2938
3627
3271
6967
5496
2265
4575
2254
1971
4917
4098
1649
3906
3904
3358
3596
4489
6213
1772
3523
3460
4663
4819
7581
10124
4349
3196
6853
8333
2682
2553
1647
4642
7294
7454
5733
6969
6535
4375
5256
3273
3463
3224
5171
7771
4982
2313
3686
7281
2086
2034
2148
6306
3192
6238
7817
1961
3485
4772
5630
3188
2959
1834
2593
7261
7174
7233
2858
7290
6875
5723
4737
6112
5002
6167
6004
1911
4585
2127
6148
4902
4636
1577
3272
5768
1511
4097
4782
1587
2536
4530
3949
2636
3982
3759
3021
1904
3170
2056
4423
2890
1942
3212
4259
2995
3548
1904
3338
2133
2116
3205
3190
2550
3474
2625
2533
1605
3221
2104
3268
2115
2071
2372
2075
1904
3454
1723
3172
2431
1813
3227
1457
2947
2467
2492
2078
1847
2274
2042
1834
1811
3923
2274
2204
2198
4283
5537
1995
2960
3528
5234
4267
2924
4677
4636
3867
1828
4906
5824
4025
10936
2252
3472
3831
2259
3474
2364
2534
3809
4702
5338
2172
3749
4750
4882
3408
2244
3540
6019
2069
3814
3761
4642
2215
4285
5360
5138
4358
1673
4932
4292
2036
4950
5792
5820
4177
1964
3091
6889
3102
2312
3867
2380
4723
3506
2109
8963
5775
9027
1980
8855
2092
4811
4654
3402
3169
7579
10060
3263
5707
2883
1693
9506
7643
2607
3173
3603
2297
4849
6556
6582
2280
3492
6561
1882
7277
1525
5266
2642
5629
5597
4882
9421
6917
2355
2344
2287
5143
5242
4903
6700
4423
5155
7363
3438
1850
4677
3378
1842
10110
5729
1455
4521
2274
4396
2945
6715
2557
3683
4757
3471
4703
3003
3128
3273
1673
3157
3149
8296
2849
4391
3213
3036
5407
3758
2261
2364
3748
2278
6442
7815
6179
3535
5026
3310
7402
2866
5607
1975
6619
3947
2203
3507
2300
4699
2262
4996
2819
4984
5691
2155
4686
2531
3132
4336
3016
1696
6852
6549
5358
5387
4966
2533
2259
3319
2270
3023
4752
4758
5152
3606
3523
5634
3037
4966
2120
5819
1948
5872
5833
5768
1834
4288
1505
2951
4164
5533
2614
2039
4020
4793
2282
2262
1899
1635
3489
4266
3351
3481
1924
1767
4241
1919
3340
2547
1719
2260
2460
2193
2293
2165
1885
2041
2464
1540
2548
4015
2562
5013
3190
6248
7303
3754
6285
6279
3709
2282
3872
4581
4780
2086
5019
10389
3198
1925
1931
4092
5835
3591
5793
3412
1798
6147
1961
4359
4677
1776
1707
5781
7167
4290
4138
5769
3093
4069
1804
5207
5353
5208
2480
4672
3750
5204
3148
3393
3732
4613
2131
3041
5898
2943
3448
3483
14463
4730
4683
1945
3292
1890
3083
1593
4185
10010
7677
1660
3630
2547
5004
3453
8059
1716
3490
3644
3630
10701
4468
2052
3041
4701
1982
1701
1942
4589
2554
7265
1486
6475
4194
2191
7216
6624
7481
2388
4934
5002
5010
4824
6093
2316
6167
1893
4487
5674
5500
6169
4267
7503
4606
7431
5538
3256
3909
4153
4173
3942
3111
2492
3863
3806
5202
5132
6544
3378
4788
5231
3468
3351
3049
3117
2933
3053
2695
3070
2811
10063
3011
2649
7363
10163
4601
6546
2537
2498
2258
3589
1719
3105
6514
2992
8831
2001
8603
7160
2993
1683
8937
8903
8784
7039
5736
8759
1456
5880
3769
3780
6124
3488
7506
4934
7230
3164
6291
7022
1992
3115
3349
3315
7469
3658
3844
5336
3671
2459
1887
5278
3418
5111
4670
5265
3747
3621
5238
2026
6346
3082
4397
4880
4727
4749
3421
6113
5113
3541
6274
3409
4621
3262
3137
3234
5880
1737
5622
1861
4686
5759
4626
5755
2885
3948
1779
3300
1711
1510
5544
4388
5201
1897
2300
2205
3823
3730
4642
4679
3490
1957
2151
2376
4876
3390
2280
1543
2064
1650
1869
4712
4329
4577
2255
2239
4356
2352
2531
1932
2413
3251
3233
3072
2309
2582
1490
1778
2007
2296
2308
2005
1471
2536
2311
2488
1768
3676
5129
2094
4283
1607
2901
6884
6802
2241
7418
3737
1441
4644
1706
3287
8767
1927
3823
6255
