33503
33510
33511
33513
33514
33521
33523
33525
33527
33534
33538
33540
33541
33542
33543
33544
33545
33547
33548
33549
33556
33558
33559
33563
33565
33566
33567
33569
33570
33572
33573
33576
33578
33579
33584
33585
33592
33594
33596
33597
33598
33602
33603
33604
33605
33606
33607
33609
33610
33611
33612
33613
33614
33615
33616
33617
33618
33619
33620
33621
33624
33625
33626
33629
33634
33635
33637
33647
33701
33702
33703
33704
33705
33706
33707
33708
33709
33710
33711
33712
33713
33714
33715
33716
33744
33755
33756
33759
33760
33761
33762
33763
33764
33765
33767
33770
33771
33772
33773
33774
33776
33777
33778
33781
33782
33785
33786
33801
33803
33805
33809
33810
33811
33812
33813
33815
33823
33825
33827
33830
33834
33837
33838
33839
33841
33843
33844
33847
33849
33850
33851
33852
33853
33854
33855
33856
33859
33860
33865
33867
33868
33872
33873
33875
33877
33880
33881
33884
33890
33896
33897
33898
32159
32162
33953
33954
33960
33981
33982
33983
34201
34202
34203
34205
34207
34208
34209
34210
34211
34212
34215
34216
34217
34219
34221
34222
34223
34224
34228
34229
34231
34232
34233
34234
34235
34236
34237
34238
34239
34240
34241
34242
34243
34251
34266
34268
34269
34275
34285
34286
34287
34288
34289
34291
34292
34293
34428
34429
34431
34432
34433
34434
34436
34442
34445
34446
34448
34449
34450
34452
34453
34461
34465
34473
34484
34491
34498
34601
34602
34604
34606
34607
34608
34609
34610
34613
34614
34637
34638
34639
34652
34653
34654
34655
34661
34667
34668
34669
34677
34679
34681
34683
34684
34685
34688
34689
34690
34691
34695
34698
34714
34731
34736
34739
34747
34748
34758
34759
34762
34785
33868
33597
33897
33844
33896
33837
33514
34747
34758
34714
34753
33848
32830
34736
32836
34759
34746
32821
34428
34711
32837
32819
34741
34785
33843
33867
33898
34787
34433
34484
34748
32811
34442
34743
32839
33538
32162
34223
32835
34498
32809
34287
34293
34762
34491
34434
34797
32824
32805
34786
34737
32806
32801
33890
32812
34286
34705
33953
33825
34731
34734
32639
34449
34761
34473
34715
34224
32808
32803
34744
32804
32159
32822
34760
32778
34266
32827
32814
34476
32818
32789
34288
32807
33954
33981
33872
33875
33948
32829
32832
34480
32133
34431
32751
34788
32195
34420
34756
34769
32735
32792
33947
33946
32701
34474
32714
32810
32703
34772
32730
32825
32831
33983
32817
34471
32798
32707
32726
34472
33870
33952
32779
32828
32668
33980
32179
34432
32750
34269
34481
32826
34470
32746
32833
32712
33921
32757
32820
33950
34475
34479
34771
34482
32765
32784
32776
32771
33876
32683
32708
32702
32621
32773
32713
32766
32736
32709
33955
34488
32617
33857
32732
34773
32725
32113
32626
32681
32686
32664
32102
34739
33852
32696
33993
32966
32926
32667
32767
32780
33982
32625
32720
33917
32693
32764
32640
32618
32754
32680
32130
33960
33920
32134
34972
33944
32148
32940
32180
32669
33935
34974
32948
