0
100
187
44
7
2
66
66
55
46
17
32
71
75
79
82
50
71
21
58
79
72
56
92
65
70
41
83
75
51
69
14
132
93
92
4
36
118
106
29
49
42
69
128
62
64
85
58
141
106
161
115
167
157
49
149
92
125
19
6
135
89
99
85
73
57
55
198
54
107
85
58
95
57
89
56
94
118
69
90
107
67
27
56
1
94
113
64
55
65
31
64
87
48
29
91
108
83
61
64
45
62
51
93
75
20
6
122
98
83
104
160
76
47
114
51
104
90
11
99
27
73
13
10
31
40
122
1
3
27
3
79
40
1
0
2
38
82
3
0
42
51
53
40
1
136
106
104
18
24
51
55
104
163
20
33
3
34
33
50
13
71
126
107
107
119
115
57
10
55
3
5
18
62
142
43
61
55
25
26
109
112
60
71
49
45
59
63
54
41
49
32
94
23
112
1
13
59
63
65
86
39
8
26
49
119
33
31
28
44
24
30
29
53
0
59
39
10
37
43
36
38
57
61
11
99
2
81
26
36
94
29
112
134
47
64
24
23
72
87
87
111
78
139
1
116
154
46
75
0
5
113
93
62
26
94
47
76
63
134
53
39
50
3
49
138
111
109
2
63
23
15
25
60
12
34
3
23
52
25
9
1
0
23
26
48
55
34
14
81
79
38
62
26
17
0
23
68
10
4
55
51
21
48
72
7
64
24
56
1
38
34
47
1
39
11
2
52
30
39
3
34
16
7
44
24
3
7
33
14
5
1
4
50
23
21
20
61
25
58
23
38
69
1
24
40
8
8
27
56
31
14
39
12
12
17
14
20
22
17
23
0
10
24
21
4
20
4
26
5
56
10
3
26
19
42
38
55
27
6
62
3
16
40
29
3
41
23
30
23
32
31
65
6
12
9
14
25
4
19
32
19
44
10
45
2
25
8
21
13
13
15
23
57
12
10
50
5
0
41
3
5
27
18
14
9
2
9
9
4
2
5
3
39
6
7
0
4
0
2
1
17
9
16
12
17
3
2
26
7
1
21
20
8
2
7
5
6
6
3
0
3
4
10
0
5
14
2
4
6
1
0
