1
205
386
90
13
4
136
137
113
95
36
65
147
154
162
169
104
147
43
120
163
149
114
189
133
145
85
171
154
105
142
28
272
191
188
8
75
242
217
60
101
85
142
263
127
132
175
119
291
219
331
237
344
322
101
307
190
256
38
12
278
183
204
175
150
117
114
408
111
220
176
119
196
118
182
115
193
243
142
186
221
137
55
114
1
194
232
132
112
135
63
133
178
98
59
187
221
170
125
131
92
127
106
192
155
41
12
250
201
172
214
328
156
98
235
106
214
185
23
204
55
150
26
20
65
82
251
2
6
56
7
162
83
1
0
4
78
170
6
1
87
105
109
82
2
280
218
213
38
49
105
114
214
335
41
69
6
71
68
103
27
147
258
220
220
246
236
118
21
112
6
11
37
127
293
89
125
114
51
53
224
230
123
147
101
92
121
130
112
85
101
66
194
47
230
2
27
120
130
133
177
80
16
53
100
245
68
63
58
91
49
61
59
108
0
121
80
21
76
88
75
78
118
126
23
204
4
166
54
74
194
60
231
275
96
132
50
47
149
179
179
228
161
285
2
238
316
94
155
1
10
232
192
128
54
194
97
156
130
276
109
80
104
6
102
284
229
224
5
129
47
30
52
123
24
70
6
47
106
50
18
3
0
46
54
98
113
69
29
166
162
78
127
54
34
0
47
140
20
9
114
106
43
99
148
14
132
49
116
1
78
70
96
2
79
24
4
107
62
80
7
70
34
14
91
50
7
15
69
30
11
1
8
103
47
42
42
126
51
119
46
77
142
2
49
82
17
16
55
115
64
28
81
24
24
36
28
40
45
35
48
0
20
50
44
8
41
7
53
10
116
20
5
53
40
86
79
113
55
13
128
6
34
83
60
6
83
47
61
48
66
64
134
12
24
19
28
52
8
40
65
40
90
20
92
4
51
17
44
26
28
30
47
118
24
21
102
10
0
85
5
11
55
37
30
18
5
19
19
8
3
10
5
80
12
14
0
9
1
4
1
35
19
32
25
36
6
4
53
14
3
44
40
17
4
14
10
13
12
6
1
5
9
20
0
10
29
4
9
12
1
0
