0
103
195
45
7
2
69
69
57
48
18
33
74
78
82
85
52
74
22
60
82
75
58
95
67
73
43
86
78
53
72
14
137
96
95
4
38
122
110
30
51
43
71
133
64
66
88
60
147
110
167
120
174
163
51
155
96
129
19
6
140
92
103
88
76
59
57
206
56
111
89
60
99
60
92
58
97
123
72
94
112
69
28
58
1
98
117
67
57
68
32
67
90
50
30
95
112
86
63
66
46
64
53
97
78
21
6
126
101
87
108
166
79
49
119
53
108
93
11
103
28
76
13
10
33
42
127
1
3
28
3
82
42
1
0
2
40
86
3
0
44
53
55
42
1
141
110
108
19
25
53
57
108
169
21
35
3
36
34
52
14
74
130
111
111
124
119
60
10
57
3
6
19
64
148
45
63
58
26
27
113
116
62
74
51
46
61
65
56
43
51
33
98
24
116
1
14
61
66
67
89
41
8
27
51
124
34
32
29
46
25
31
30
55
0
61
40
11
39
45
38
40
59
64
11
103
2
84
27
37
98
30
116
139
48
67
25
24
75
90
90
115
81
144
1
120
160
47
78
0
5
117
97
65
27
98
49
79
65
139
55
40
52
3
51
143
116
113
2
65
24
15
26
62
12
35
3
24
54
25
9
1
0
23
27
49
57
35
15
84
82
39
64
27
17
0
24
71
10
5
57
53
22
50
75
7
67
25
59
1
39
35
48
1
40
12
2
54
31
40
4
35
17
7
46
25
3
8
35
15
5
1
4
52
24
21
21
64
26
60
23
39
72
1
25
41
8
8
28
58
32
14
41
12
12
18
14
20
23
18
24
0
10
25
22
4
21
4
27
5
59
10
3
27
20
43
40
57
28
7
65
3
17
42
30
3
42
24
31
24
33
32
67
6
12
9
14
26
4
20
33
20
45
10
46
2
26
9
22
13
14
15
24
60
12
11
51
5
0
43
3
5
28
19
15
9
2
9
10
4
2
5
3
40
6
7
0
4
0
2
1
18
10
16
12
18
3
2
27
7
1
22
20
9
2
7
5
7
6
3
0
3
4
10
0
5
15
2
4
6
1
0
