0
99
186
43
6
2
65
66
54
46
17
31
71
74
78
81
50
71
21
58
79
72
55
91
64
70
41
82
74
50
68
14
131
92
91
4
36
117
105
29
49
41
68
127
61
63
84
57
140
105
159
114
166
155
48
148
91
123
18
6
134
88
98
84
72
56
55
196
54
106
85
57
94
57
88
55
93
117
68
89
106
66
26
55
1
93
112
64
54
65
30
64
86
47
29
90
107
82
60
63
44
61
51
93
74
20
6
120
97
83
103
158
75
47
113
51
103
89
11
98
27
72
13
10
31
40
121
1
3
27
3
78
40
1
0
2
38
82
3
0
42
51
53
40
1
135
105
103
18
24
50
55
103
161
20
33
3
34
33
50
13
71
124
106
106
118
114
57
10
54
3
5
18
61
141
43
60
55
25
26
108
111
59
71
49
44
58
62
54
41
49
32
93
23
111
1
13
58
63
64
85
39
8
25
48
118
33
31
28
44
24
29
28
52
0
58
39
10
37
43
36
38
57
61
11
98
2
80
26
36
94
29
111
133
46
64
24
22
72
86
86
110
78
137
1
115
152
45
74
0
5
112
92
62
26
93
47
75
62
133
52
39
50
3
49
137
110
108
2
62
23
14
25
59
11
34
3
23
51
24
9
1
0
22
26
47
55
33
14
80
78
38
61
26
16
0
23
67
10
4
55
51
21
48
71
7
64
24
56
1
38
33
46
1
38
11
2
52
30
38
3
34
16
7
44
24
3
7
33
14
5
1
4
49
22
20
20
61
25
57
22
37
68
1
24
39
8
8
26
55
31
13
39
12
12
17
14
19
22
17
23
0
9
24
21
4
20
4
26
5
56
10
3
26
19
41
38
55
27
6
62
3
16
40
29
3
40
23
29
23
32
31
64
6
11
9
13
25
4
19
31
19
43
10
44
2
25
8
21
12
13
15
23
57
12
10
49
5
0
41
3
5
26
18
14
9
2
9
9
4
2
5
3
38
6
7
0
4
0
2
1
17
9
16
12
17
3
2
26
7
1
21
19
8
2
7
5
6
6
3
0
3
4
9
0
5
14
2
4
6
1
0
