1
174
327
76
11
4
115
116
96
81
30
55
124
131
138
144
88
125
37
102
139
126
97
160
113
123
72
145
131
89
121
24
231
162
160
7
64
206
184
51
86
72
120
223
107
112
148
101
247
186
281
201
292
274
85
261
161
218
32
10
236
155
174
149
127
99
97
346
95
187
149
101
166
100
155
97
164
206
121
158
188
117
47
97
1
165
197
112
95
114
54
113
151
84
50
159
188
145
106
112
78
108
90
163
131
35
11
212
171
146
182
279
132
83
200
90
182
157
19
173
47
127
22
17
55
70
213
1
5
47
6
137
70
1
0
3
67
144
5
1
74
89
93
70
2
238
185
181
32
42
89
97
182
284
35
58
5
60
58
88
23
125
219
187
187
209
200
100
17
95
5
9
32
108
248
75
106
97
43
45
191
195
105
125
86
78
103
110
95
72
86
56
164
40
196
1
23
102
111
113
150
68
14
45
85
208
57
54
49
77
42
52
50
92
0
103
68
18
65
75
64
66
100
107
19
173
3
141
46
63
165
51
196
234
81
112
42
40
126
152
152
194
137
242
2
202
268
80
131
1
8
197
163
109
46
165
83
133
110
234
92
68
88
5
86
241
194
190
4
110
32
20
35
83
16
48
4
32
72
34
12
2
0
31
37
66
77
47
20
113
110
53
86
36
23
0
32
95
14
6
77
72
29
67
100
10
90
34
79
1
53
47
65
1
54
16
3
73
42
54
5
47
23
10
62
34
5
10
47
20
7
1
5
70
32
29
28
86
35
81
31
53
96
2
34
56
11
11
37
78
43
19
55
16
17
24
19
27
31
24
33
0
13
34
30
6
28
5
36
7
79
14
4
36
27
58
54
77
38
9
87
4
23
57
40
4
57
32
41
33
45
43
91
8
16
13
19
35
6
27
44
27
61
14
62
3
35
12
30
18
19
20
32
80
16
14
69
7
0
58
4
7
37
25
20
12
3
13
13
5
2
7
4
54
8
10
0
6
1
3
1
24
13
22
17
24
4
3
36
9
2
30
27
12
3
10
7
9
8
4
1
4
6
13
0
7
20
3
6
8
1
0
