1
177
334
78
12
4
118
119
98
83
31
56
127
134
141
147
90
127
37
104
142
129
99
164
116
125
74
148
133
91
123
24
236
165
163
7
65
210
188
52
88
74
123
228
110
114
151
103
252
189
287
206
299
279
87
266
164
222
33
11
241
158
177
152
130
101
99
354
97
191
152
103
170
102
158
99
167
211
123
161
192
119
48
99
1
168
201
115
97
117
55
115
155
85
51
163
192
148
108
114
80
110
92
167
134
36
11
217
174
149
186
284
135
85
204
92
186
160
20
177
48
130
23
18
56
71
217
1
6
48
6
140
72
1
0
3
68
147
5
1
75
91
95
71
2
243
189
185
33
43
91
99
186
290
35
60
5
61
59
90
24
127
224
191
191
213
205
102
18
97
5
10
32
110
254
77
108
99
44
46
195
199
107
127
88
80
105
112
97
74
87
57
168
41
200
1
23
104
113
116
153
70
14
46
87
212
59
55
50
79
43
53
51
94
0
105
69
18
66
77
65
68
102
109
20
176
3
144
47
64
168
52
200
239
83
115
43
40
129
155
155
198
140
247
2
207
274
81
134
1
8
201
166
111
47
168
84
135
112
239
94
70
90
5
88
246
198
194
4
112
41
26
45
106
21
61
5
41
92
44
16
2
0
40
47
85
98
60
25
144
140
68
110
47
29
0
41
121
17
8
99
92
37
86
128
12
115
43
100
1
68
60
83
2
69
20
3
93
54
69
6
61
29
12
79
43
6
13
59
26
9
1
7
89
40
37
36
109
45
103
40
67
123
2
43
71
15
14
47
99
55
24
70
21
21
31
24
35
39
30
42
0
17
43
38
7
35
6
46
8
101
18
5
46
34
74
69
98
48
11
111
5
29
72
52
5
72
41
53
42
57
56
116
10
21
16
24
45
7
35
57
34
78
18
79
3
45
15
38
22
24
26
41
102
21
18
88
9
0
74
5
9
47
32
26
16
4
16
16
7
3
9
5
69
10
12
0
7
1
4
1
30
16
28
21
31
5
3
46
12
2
38
35
15
4
12
8
11
10
5
1
5
7
17
0
9
25
3
7
11
1
0
