0
111
210
49
7
2
74
74
61
52
19
35
80
84
88
92
56
80
23
65
89
81
62
103
72
79
46
93
84
57
77
15
148
104
102
4
41
132
118
32
55
46
77
143
69
72
95
64
158
119
180
129
187
175
55
167
103
139
21
7
151
99
111
95
82
63
62
222
61
120
95
65
107
64
99
62
105
132
77
101
120
75
30
62
1
105
126
72
61
73
34
72
97
54
32
102
120
93
68
71
50
69
57
104
84
22
7
136
109
93
117
178
85
53
128
58
116
101
12
111
30
82
14
11
35
45
136
1
3
30
4
88
45
1
0
2
43
92
3
0
47
57
59
45
1
152
118
116
20
27
57
62
116
182
22
37
3
38
37
56
15
80
141
120
120
133
128
64
11
61
3
6
20
69
159
48
68
62
28
29
122
125
67
80
55
50
66
71
61
46
55
36
105
26
125
1
15
65
71
72
96
44
9
29
54
133
37
35
31
49
27
33
32
59
0
66
44
11
41
48
41
43
64
69
12
111
2
90
30
40
106
33
125
150
52
72
27
25
81
97
97
124
88
155
1
130
172
51
84
0
5
126
104
70
29
105
53
85
71
150
59
44
56
3
55
154
124
122
3
70
26
16
28
67
13
38
3
26
58
27
10
2
0
25
29
53
62
38
16
90
88
42
69
29
18
0
26
76
11
5
62
57
23
54
80
8
72
27
63
1
42
38
52
1
43
13
2
58
34
43
4
38
18
8
49
27
4
8
37
16
6
1
4
56
25
23
23
69
28
64
25
42
77
1
27
44
9
9
30
62
35
15
44
13
13
19
15
22
24
19
26
0
11
27
24
5
22
4
29
5
63
11
3
29
22
47
43
62
30
7
70
3
18
45
32
3
45
26
33
26
36
35
73
6
13
10
15
28
4
22
36
22
49
11
50
2
28
9
24
14
15
16
26
64
13
12
55
6
0
46
3
6
30
20
16
10
3
10
10
4
2
5
3
43
6
8
0
5
0
2
1
19
10
18
13
19
3
2
29
8
1
24
22
9
2
8
5
7
6
3
1
3
5
11
0
6
16
2
5
7
1
0
