0
100
189
44
7
2
66
67
55
47
17
32
72
76
79
83
51
72
21
59
80
73
56
92
65
71
42
84
75
51
70
14
133
93
92
4
37
119
106
29
50
42
69
129
62
64
85
58
142
107
162
116
168
158
49
150
93
125
19
6
136
89
100
86
73
57
56
200
54
108
86
58
96
58
89
56
94
119
69
91
108
67
27
56
1
95
113
65
55
66
31
65
87
48
29
92
108
83
61
64
45
62
52
94
76
20
6
122
98
84
105
161
76
48
115
52
105
90
11
100
27
73
13
10
32
40
123
1
3
27
3
79
40
1
0
2
38
83
3
0
43
51
53
40
1
137
106
104
18
24
51
56
105
164
20
34
3
35
33
51
13
72
126
108
108
120
115
58
10
55
3
5
18
62
143
43
61
56
25
26
110
112
60
72
49
45
59
63
55
42
49
32
95
23
113
1
13
59
64
65
87
39
8
26
49
120
33
31
28
45
24
30
29
53
0
59
39
10
37
43
37
38
58
62
11
100
2
81
27
36
95
29
113
135
47
65
24
23
73
87
88
112
79
140
1
117
155
46
76
0
5
113
94
63
26
95
48
76
63
135
53
39
51
3
50
139
112
109
2
63
23
15
25
60
12
34
3
23
52
25
9
1
0
23
26
48
55
34
14
81
79
38
62
26
17
0
23
68
10
4
56
52
21
48
72
7
65
24
57
1
38
34
47
1
39
12
2
53
30
39
3
34
16
7
44
24
3
7
34
15
5
1
4
50
23
21
21
62
25
58
23
38
69
1
24
40
8
8
27
56
31
14
40
12
12
18
14
20
22
17
23
0
10
24
21
4
20
4
26
5
57
10
3
26
19
42
39
55
27
6
63
3
16
41
29
3
41
23
30
24
32
31
65
6
12
9
14
25
4
19
32
19
44
10
45
2
25
8
22
13
14
15
23
58
12
10
50
5
0
42
3
5
27
18
14
9
2
9
9
4
2
5
3
39
6
7
0
4
0
2
1
17
9
16
12
17
3
2
26
7
1
21
20
8
2
7
5
6
6
3
0
3
4
10
0
5
14
2
4
6
1
0
