0
113
212
49
7
2
75
75
62
52
20
36
81
85
89
93
57
81
24
66
90
82
63
104
73
80
47
94
85
58
78
15
150
105
104
4
41
133
120
33
56
47
78
145
70
72
96
65
160
120
182
131
190
177
55
169
104
141
21
7
153
101
112
97
83
64
63
225
61
121
97
66
108
65
100
63
106
134
78
102
122
76
30
63
1
107
128
73
62
74
35
73
98
54
33
103
122
94
69
72
51
70
58
106
85
23
7
138
111
95
118
181
86
54
129
58
118
102
12
112
30
83
14
11
36
45
138
1
3
31
4
89
46
1
0
2
43
93
3
0
48
58
60
45
1
154
120
117
21
27
58
63
118
184
23
38
3
39
37
57
15
81
142
121
121
135
130
65
11
62
3
6
20
70
161
49
69
63
28
29
124
126
68
81
56
51
67
71
61
47
55
36
107
26
127
1
15
66
72
73
97
44
9
29
55
135
37
35
32
50
27
33
32
59
0
67
44
11
42
49
41
43
65
70
13
112
2
91
30
41
107
33
127
152
53
73
27
26
82
98
99
126
89
157
1
131
174
52
85
0
5
128
106
71
30
107
54
86
71
152
60
44
57
3
56
156
126
123
3
71
26
17
28
68
13
39
3
26
59
28
10
2
0
26
30
54
62
38
16
91
89
43
70
30
19
0
26
77
11
5
63
58
24
54
81
8
73
27
64
1
43
38
53
1
44
13
2
59
34
44
4
38
19
8
50
27
4
8
38
16
6
1
4
57
26
23
23
69
28
65
26
43
78
1
27
45
9
9
30
63
35
15
45
13
13
20
15
22
25
19
26
0
11
27
24
5
22
4
29
5
64
11
3
29
22
47
44
62
30
7
70
3
18
46
33
3
46
26
34
27
36
35
74
6
13
10
15
29
5
22
36
22
49
11
50
2
28
9
24
14
15
17
26
65
13
12
56
6
0
47
3
6
30
20
16
10
3
10
10
4
2
6
3
44
6
8
0
5
0
2
1
19
10
18
14
20
3
2
29
8
1
24
22
9
2
8
5
7
6
3
1
3
5
11
0
6
16
2
5
7
1
0
