0
107
202
47
7
2
71
72
59
50
19
34
77
81
85
89
54
77
23
63
86
78
60
99
70
76
45
90
81
55
75
15
143
100
99
4
39
127
114
31
53
45
74
138
66
69
92
62
153
115
174
125
181
169
53
161
100
135
20
6
146
96
107
92
79
61
60
214
58
115
92
63
103
62
96
60
101
128
75
98
116
72
29
60
1
102
122
69
59
71
33
70
94
52
31
98
116
89
65
69
48
67
56
101
81
22
6
131
105
90
113
172
82
51
123
56
112
97
12
107
29
79
14
11
34
43
132
1
3
29
4
85
43
1
0
2
41
89
3
0
46
55
57
43
1
147
114
112
20
26
55
60
112
176
21
36
3
37
36
54
14
77
136
115
116
129
124
62
11
59
3
6
19
67
154
47
66
60
27
28
118
121
65
77
53
48
63
68
59
45
53
35
102
25
121
1
14
63
68
70
93
42
9
28
53
128
35
33
30
48
26
32
31
57
0
64
42
11
40
46
39
41
62
66
12
107
2
87
29
39
102
32
121
145
50
69
26
25
78
94
94
120
85
150
1
125
166
49
81
0
5
122
101
67
28
102
51
82
68
145
57
42
54
3
53
149
120
117
2
68
25
16
27
64
12
37
3
25
56
26
9
1
0
24
28
51
59
36
15
87
85
41
67
28
18
0
25
73
11
5
60
55
23
52
78
7
70
26
61
1
41
36
50
1
42
12
2
56
33
42
4
37
18
7
48
26
4
8
36
16
6
1
4
54
24
22
22
66
27
62
24
41
74
1
26
43
9
8
29
60
34
15
43
13
13
19
15
21
24
18
25
0
10
26
23
4
21
4
28
5
61
11
3
28
21
45
42
60
29
7
67
3
18
44
31
3
44
25
32
25
35
34
70
6
12
10
15
27
4
21
34
21
47
11
48
2
27
9
23
14
15
16
25
62
13
11
53
5
0
45
3
6
29
19
16
10
2
10
10
4
2
5
3
42
6
7
0
4
0
2
1
18
10
17
13
19
3
2
28
7
1
23
21
9
2
7
5
7
6
3
0
3
4
10
0
5
15
2
4
6
1
0
