1
134
252
59
9
3
89
89
74
62
23
42
96
101
106
111
68
96
28
78
107
97
75
124
87
95
56
112
101
68
93
18
178
125
123
5
49
158
142
39
66
56
93
172
83
86
114
78
190
143
216
155
225
211
66
201
124
168
25
8
182
119
134
115
98
76
74
267
73
144
115
78
128
77
119
75
126
159
93
122
145
90
36
75
1
127
152
86
73
88
41
87
117
64
39
123
145
111
82
86
60
83
69
126
101
27
8
164
131
112
140
215
102
64
154
69
140
121
15
134
36
98
17
13
42
54
164
1
4
36
4
106
54
1
0
2
51
111
4
1
57
69
71
54
1
183
142
139
25
32
68
74
140
219
27
45
4
46
44
68
18
96
169
144
144
161
154
77
13
73
4
7
24
83
191
58
82
75
33
35
147
150
81
96
66
60
79
85
73
56
66
43
127
31
151
1
18
79
85
87
116
53
11
35
66
160
44
42
38
60
32
40
38
71
0
79
52
14
50
58
49
51
77
83
15
133
2
108
36
49
127
39
151
180
63
86
32
31
97
117
117
149
105
187
1
156
207
61
101
0
6
152
125
84
35
127
64
102
85
181
71
52
68
4
66
185
150
146
3
84
31
20
34
80
16
46
4
31
70
33
12
2
0
30
35
64
74
45
19
108
106
51
83
35
22
0
31
92
13
6
74
69
28
65
97
9
87
32
76
1
51
45
63
1
52
15
2
70
41
52
5
46
22
9
59
32
5
10
45
19
7
1
5
67
30
28
27
82
34
78
30
51
93
2
32
54
11
11
36
75
42
18
53
16
16
23
18
26
29
23
31
0
13
33
29
5
27
5
35
6
76
13
3
35
26
56
52
74
36
9
84
4
22
54
39
4
55
31
40
32
43
42
87
8
16
12
18
34
5
26
43
26
59
13
60
2
34
11
29
17
18
20
31
77
16
14
67
7
0
56
3
7
36
24
19
12
3
12
12
5
2
7
4
52
8
9
0
6
1
3
1
23
12
21
16
23
4
3
35
9
2
29
26
11
3
9
6
9
8
4
1
3
6
13
0
7
19
2
6
8
1
0
